# Created by Octave 6.3.0, Mon Sep 27 14:53:40 2021 GMT <unknown@LAPTOP-7NASCU26>
# name: u
# type: matrix
# rows: 256
# columns: 1
 1.0499078051760415
 1.0536077690909909
 1.0608133330576555
 1.071356327869152
 1.0851291115731285
 1.1020983633819388
 1.1223050471067035
 1.1458515071687285
 1.1728735482538448
 1.2034918601803239
 1.2377309314210874
 1.2753809387866739
 1.3157505334572217
 1.3571930949797706
 1.39611681799512
 1.4246794346202469
 1.0509974303034841
 1.0910991884719441
 1.1295553843660273
 1.1662092645822884
 1.2010632603010316
 1.2343118472238794
 1.2663418046122539
 1.2976920255777618
 1.3289668128682655
 1.3606916646870404
 1.3930838040470797
 1.4256703418156089
 1.4566008171418821
 1.4813108940367652
 1.4897647690032401
 1.4605260470645236
 1.0526843927854024
 1.1240116655414212
 1.1892936477002283
 1.2483738668198312
 1.3013461874108527
 1.3486051119923543
 1.3908472691299005
 1.429010248391446
 1.4641404504564066
 1.4971761626802613
 1.5286076362929606
 1.5579154213396185
 1.5825514671816969
 1.5959122244863837
 1.5829815051302074
 1.5102824395243519
 1.0546197019386772
 1.1519557523654984
 1.239582434183421
 1.3173488864755623
 1.3854297728163356
 1.4443941408427481
 1.4952105731107894
 1.5391714796547815
 1.5777273489529224
 1.6122156897869286
 1.6434381435675098
 1.6709590158032319
 1.6918116514173456
 1.6978539307061769
 1.6698882487521827
 1.5636144083240973
 1.0565556638268314
 1.1746645365508266
 1.2801248812582198
 1.3728050090144417
 1.4529547363382092
 1.5212937557189055
 1.579023043631179
 1.6277406131562464
 1.6692524022573501
 1.7052619672454401
 1.7368848228259532
 1.7638344501954402
 1.7828934072850346
 1.7847203385077328
 1.7466158591593373
 1.6150304087019123
 1.058314181376663
 1.1919498087607887
 1.3107158045352008
 1.4145171828495657
 1.5036759981385204
 1.5790394279224385
 1.6419996476156049
 1.694406414831616
 1.7383635043191619
 1.775891590629912
 1.8083961885073134
 1.8357640615206834
 1.8546384293068587
 1.854766249525291
 1.8106529740557762
 1.6613406887185109
 1.0597650816711377
 1.2036756022422401
 1.3312089871624793
 1.442326375232212
 1.5374204942209386
 1.6174429755207531
 1.6839344159463738
 1.7389385724755511
 1.7847923273905506
 1.8237728544680942
 1.8575340887216039
 1.8861363238543998
 1.9061698930212216
 1.9067493084480374
 1.8603389696887196
 1.7005648608982755
 1.0608117691946626
 1.2097417697355151
 1.3414977383712769
 1.4561172255736818
 1.5540626334491694
 1.6363667809446956
 1.7046744479547595
 1.7611624989863381
 1.8083307953359562
 1.8486441501016371
 1.8839520860104095
 1.9144758012142911
 1.9368298370989234
 1.9397812737150768
 1.8945462009510547
 1.7314088361696092
 1.0613820238462706
 1.2100738453723434
 1.3415033067159927
 1.4558049896560266
 1.5535100917541826
 1.6357089221935628
 1.7041049054024136
 1.7609446337683852
 1.8088168394799047
 1.8502994913237387
 1.8873779759626235
 1.9204152469466234
 1.946124893089751
 1.9532202749006564
 1.9124889145250079
 1.7529929217315936
 1.0614228411612081
 1.2046175697454355
 1.3311689166610086
 1.4413290984523388
 1.535697040998327
 1.6153962827966903
 1.682142199176933
 1.7381857793444992
 1.7861276311249297
 1.8285806343342421
 1.8676022132995738
 1.9036748915618062
 1.9336868196349211
 1.9465993780334652
 1.913609414712621
 1.7647026439815852
 1.060899854704149
 1.1933387167905076
 1.3104603105313877
 1.4126545909999133
 1.5005865292900855
 1.5753878406056545
 1.6387380512412881
 1.6928256514836395
 1.7401840406054754
 1.7833802818091777
 1.8244776361712136
 1.8640548215363781
 1.8992517785742289
 1.9195862310710785
 1.8975146286077564
 1.7661080013088455
 1.0598056687231643
 1.176233952906075
 1.2793808199829333
 1.3697920365186464
 1.4481950992751877
 1.5157033518324226
 1.5739113528390367
 1.6248768420461266
 1.6709854119119487
 1.7146759814450094
 1.7579501325294671
 1.8014591363828667
 1.8426738846046653
 1.871982126008471
 1.8639594886542743
 1.7569358178269368
 1.0581928126823832
 1.1533757149948423
 1.2380350243149993
 1.3128816993731272
 1.3786959440871822
 1.4365423797639856
 1.4878793257105589
 1.5345642221657543
 1.5787533065361579
 1.6226742069974329
 1.6681986985839303
 1.7160269784960702
 1.7640415488235377
 1.8038182867297392
 1.8129209053571729
 1.7371271170411169
 1.0562828719743174
 1.1250833339412396
 1.1868892547365826
 1.2425452236159151
 1.2928511150997908
 1.3387816585083139
 1.3816036342629749
 1.4229039338468417
 1.4645285798250021
 1.5084116710353492
 1.5562273547842165
 1.6087002925494667
 1.6642035598066567
 1.7158197498321694
 1.7449823815249341
 1.7071517940258321
 1.054794276635427
 1.0926284878327486
 1.1279510277868778
 1.1615088883476996
 1.1940075612585843
 1.2262637399949758
 1.259293340931688
 1.2943483147202584
 1.3328932406562202
 1.3764957642440236
 1.4265693709379121
 1.4838336358370059
 1.5472103487220319
 1.6115718427370482
 1.6630909909787404
 1.669312723448833
 1.0555035241945214
 1.0615792545800609
 1.070916179739259
 1.083128059381534
 1.0985312510640064
 1.1176953678794184
 1.141356713865356
 1.1704211861478058
 1.2059636155091218
 1.2491721192137659
 1.3011752505095358
 1.3626456832498084
 1.4329956092113911
 1.5088667862262239
 1.5815265974949855
 1.6330274530992548


# name: flag
# type: scalar
0


# name: relres
# type: scalar
0


# name: iter
# type: scalar
0


# name: resvec
# type: scalar
0


# name: x
# type: matrix
# rows: 1
# columns: 16
 0 0.066666666666666666 0.13333333333333333 0.20000000000000001 0.26666666666666666 0.33333333333333331 0.40000000000000002 0.46666666666666667 0.53333333333333333 0.59999999999999998 0.66666666666666674 0.73333333333333339 0.80000000000000004 0.8666666666666667 0.93333333333333335 1


# name: y
# type: matrix
# rows: 1
# columns: 16
 0 0.066666666666666666 0.13333333333333333 0.20000000000000001 0.26666666666666666 0.33333333333333331 0.40000000000000002 0.46666666666666667 0.53333333333333333 0.59999999999999998 0.66666666666666674 0.73333333333333339 0.80000000000000004 0.8666666666666667 0.93333333333333335 1


# name: n
# type: scalar
16


# name: m
# type: scalar
16


# name: tempo
# type: scalar
0.028089046478271484


# name: diretorio
# type: sq_string
# elements: 1
# length: 6
Direto


