# Created by Octave 6.3.0, Fri Sep 24 11:13:59 2021 GMT <unknown@Rogerio-HP>
# name: u
# type: matrix
# rows: 400
# columns: 1
 0.075631050631787253
 0.11520897627021649
 0.14192055355516772
 0.16301783310729534
 0.1812987072014427
 0.19796806022236763
 0.21358983004329879
 0.22843895658436472
 0.24264257360377409
 0.25623665244818927
 0.26918188677025917
 0.28135329561964312
 0.29250458715743405
 0.30219775236614138
 0.30967256646277935
 0.31359666694984922
 0.3115497190069022
 0.29884323370998256
 0.26546737685284938
 0.18708608521023051
 0.11293520427943021
 0.15361944780803333
 0.19353990062067433
 0.22995216573962796
 0.26267103612786652
 0.2919517130334634
 0.31807496652757805
 0.34128963062627421
 0.36181443732921559
 0.37983537301346348
 0.39548568865617423
 0.4088044351541445
 0.41966729216610565
 0.42767661263693768
 0.43198595612313723
 0.43101741564970775
 0.42201668314534457
 0.40044647179416415
 0.3596962857248277
 0.29424645721165199
 0.13538364642902739
 0.18926244717370375
 0.24234661472551766
 0.29191731867842374
 0.33689964125858002
 0.37697877169678451
 0.4121777116015467
 0.4426839837895763
 0.46877213673129869
 0.49075297235846205
 0.50892110623412257
 0.52348746619408926
 0.5344860457827364
 0.54164016018052763
 0.54416426806378304
 0.54046420493515168
 0.52768616837100057
 0.50106787582644741
 0.45307370639920297
 0.3720875964612686
 0.15089682035422317
 0.21997713487878559
 0.28611059254618609
 0.3475146347106563
 0.40313013021136007
 0.45247686262232184
 0.49546270714062435
 0.53225112458164625
 0.56317230042668454
 0.58865143983003942
 0.60913583911352542
 0.62500847001597726
 0.63647639180178217
 0.64341689777068778
 0.64515132118088037
 0.64009067369626704
 0.62514373154125646
 0.59465020194741325
 0.5382452018884718
 0.43597454272199865
 0.16260030525576111
 0.24592561252828643
 0.32409863701171993
 0.39599282292885174
 0.46077650650154806
 0.51800460320204222
 0.56758180734086161
 0.60969515455602996
 0.6447431248741976
 0.67326194837946263
 0.69584314436421457
 0.71303457365705225
 0.72521368941426123
 0.73241232559893132
 0.73405195767048892
 0.72850511215925251
 0.71230343005503816
 0.67859282361903939
 0.61391017699027939
 0.49109914382625969
 0.17191696424435471
 0.26754545954328096
 0.35615474426753657
 0.43700414195187881
 0.50948404747143716
 0.57325294733843501
 0.62827190741596239
 0.67478453944584615
 0.71326842204276519
 0.74436759896434901
 0.76880739236273565
 0.78728744604671608
 0.80034181455286224
 0.80814113413636079
 0.81018372766733582
 0.80476388433052137
 0.78798065883020763
 0.75177833983069575
 0.67990886789818594
 0.53937567332592429
 0.17957637115856345
 0.28519466147664313
 0.38230897964638827
 0.4704064944835506
 0.54905184194907053
 0.61801684633984633
 0.67734152783362689
 0.72734144864239136
 0.76857681978651204
 0.80179288835707752
 0.82783530281428808
 0.84753803462814437
 0.86157206339122416
 0.87022550333954096
 0.87305125112069981
 0.86824838794233528
 0.85149964688836044
 0.8136849672421963
 0.73624450637603145
 0.58154941997232135
 0.18598929977435016
 0.29912590957488461
 0.40263661698621933
 0.49615288530561008
 0.57937050204036467
 0.65216385119880349
 0.71465418906068701
 0.76723103239983836
 0.81053320591280242
 0.84539619419385859
 0.87276932976371147
 0.89360050774511535
 0.90867544617521856
 0.91837826482716745
 0.92230095110603161
 0.9185519623178795
 0.90245845860903662
 0.86403533226846452
 0.78291239551826108
 0.61791159168848586
 0.19140427089288209
 0.30951280158326588
 0.41721280894998064
 0.51423721117631804
 0.6003822469572514
 0.67560929871942088
 0.74011349255403658
 0.79435179347332185
 0.83903164172080968
 0.87506384045509544
 0.90348203687870399
 0.92532575562897801
 0.94147258373539477
 0.95238311436514156
 0.95768010786320323
 0.95540146529976433
 0.94060380780005814
 0.90265994072087119
 0.81988567434663184
 0.64856545828800771
 0.1959801585195311
 0.31647529285439596
 0.42610068705123127
 0.52466936048898705
 0.61205772483669163
 0.68829927501565413
 0.75365164198875134
 0.80862781699779085
 0.85398968371432338
 0.89070536031542202
 0.91987133108583696
 0.94259529728730174
 0.95982399785672823
 0.97207730617903976
 0.97900618992195376
 0.97860798451680975
 0.96576620970399574
 0.92944235410579668
 0.84712451632265573
 0.67353340116462412
 0.19982281053326312
 0.32009750127881831
 0.42935028997265084
 0.52746439523252175
 0.61438335189645799
 0.69019992583295997
 0.75522156495608339
 0.81000321124424357
 0.85534431190350868
 0.8922500898172453
 0.92185687083614232
 0.94531639406714529
 0.96362227381812215
 0.97733851759633028
 0.98614584343827361
 0.98803701407506284
 0.97782597293239304
 0.94429550012150942
 0.86458404221960905
 0.6928022270963875
 0.20300451370601846
 0.32043907396556937
 0.42700045835432371
 0.5226383686775592
 0.60735504337703727
 0.68129163662123926
 0.74479252336098101
 0.79843916724880093
 0.84305002793031969
 0.87964573327082529
 0.90937841460746094
 0.93341930885359459
 0.95278708398496892
 0.96807628316539762
 0.97900164893195396
 0.98359086876627089
 0.97669475832910901
 0.9471499306964053
 0.87221776193778777
 0.70634189312522133
 0.20557385714599646
 0.31754163944893332
 0.41908099660475967
 0.51020754207071595
 0.59097643356237139
 0.66156769865008458
 0.72234989084357248
 0.77391491277177005
 0.81708070587228687
 0.85286065202926242
 0.88239796449880281
 0.90685858407283959
 0.92726473448585933
 0.94422889807894661
 0.95750575426125861
 0.96519933563370564
 0.96230518347911354
 0.93794601996134019
 0.86997591233860339
 0.71410972805359751
 0.20755753340946265
 0.31143018830034119
 0.40561391789298729
 0.4901902777752431
 0.56526219515877285
 0.63103950382006857
 0.68790228162346367
 0.73643653128719189
 0.77743966989134938
 0.81189465633474678
 0.84091063452844317
 0.8656232368849357
 0.88703680446494249
 0.90576951144525719
 0.92162245719343361
 0.93281808295597446
 0.9346050670161099
 0.91662497061875092
 0.85779482834321019
 0.71603953074673088
 0.20894817523952292
 0.30210490717583544
 0.38661227942505
 0.46261373906261744
 0.53025197893800735
 0.58975653975968712
 0.64150636100598823
 0.68606544753715548
 0.72419081592628132
 0.75681177797961419
 0.78497807397266128
 0.8097697237386664
 0.83215129973598001
 0.85273368652312509
 0.87136972266129542
 0.88644082636721744
 0.893556261454861
 0.88311090813702708
 0.83556234074475044
 0.71199659280133731
 0.2096517783880345
 0.28950536494090701
 0.36207279672273068
 0.42753513050850578
 0.48605490322669465
 0.53786821914358895
 0.58334130575463461
 0.6230020337397757
 0.65754869505160052
 0.68783461019325587
 0.71482501477307447
 0.73951854725471311
 0.76281666916169877
 0.78530695158784658
 0.80689391625193274
 0.82615065923659392
 0.83914658642529316
 0.83726509818366779
 0.80300694813931828
 0.70162523337821037
 0.20929373386102731
 0.27337922682339011
 0.33195356080740984
 0.38511640956741483
 0.43299402328607239
 0.47581611151405678
 0.51393432669241224
 0.5478349345737672
 0.57814482130247646
 0.60562211634368812
 0.63112372635781488
 0.65554057403981869
 0.67968439078178899
 0.70409532782936968
 0.72871305959100852
 0.75230605762834191
 0.77146306524086827
 0.77876435630298957
 0.75932254485350303
 0.68381539839809835
 0.20648646018792649
 0.25278620195935536
 0.29613695438142262
 0.3359186366920715
 0.37210273454374354
 0.4049581615130729
 0.43487323502868658
 0.46231817664969227
 0.48785193172848829
 0.51212653045167789
 0.53587071859275548
 0.55984172998511283
 0.58472963470012462
 0.61098602747096353
 0.63852705918169039
 0.66622760683352156
 0.69107845364007159
 0.7068252272297767
 0.70179383322921973
 0.65471711614960915
 0.19591900244936164
 0.22403483543537872
 0.25461604498500434
 0.28217616894554909
 0.30692667642610638
 0.32969621919414993
 0.35117494211434175
 0.37192677117459705
 0.39248061009401486
 0.41338859722157922
 0.43524221877235925
 0.45864535185824123
 0.48413268765066486
 0.51200367749592279
 0.54201358727102655
 0.57282173509626577
