# Created by Octave 6.3.0, Mon Sep 27 14:53:38 2021 GMT <unknown@LAPTOP-7NASCU26>
# name: u
# type: matrix
# rows: 16
# columns: 1
 2.6675678485014842
 2.945646960548653
 3.455628618397748
 4.1739347557578785
 2.7322316827401205
 3.4210617965052927
 4.1261053525082128
 5.4757291110955748
 2.8265030027047047
 3.5888566879977071
 4.4598587427441201
 6.3996319423856791
 2.7397913079792393
 2.6541960031373857
 3.399503784545145
 5.6491175344706042


# name: flag
# type: scalar
0


# name: relres
# type: scalar
0


# name: iter
# type: scalar
0


# name: resvec
# type: scalar
0


# name: x
# type: matrix
# rows: 1
# columns: 4
 0 0.33333333333333331 0.66666666666666674 1


# name: y
# type: matrix
# rows: 1
# columns: 4
 0 0.33333333333333331 0.66666666666666674 1


# name: n
# type: scalar
4


# name: m
# type: scalar
4


# name: tempo
# type: scalar
0.0065281391143798828


# name: diretorio
# type: sq_string
# elements: 1
# length: 6
Direto


