# Created by Octave 6.3.0, Mon Sep 27 12:01:21 2021 GMT <unknown@Rogerio-HP>
# name: u
# type: matrix
# rows: 400
# columns: 1
 0.85514960941237605
 0.857009888601026
 0.86065381505715466
 0.86600795270366215
 0.87301428639138701
 0.88163630508289281
 0.89186154658710071
 0.90370148769392888
 0.91718894750273328
 0.93237276794548096
 0.94930915489733525
 0.96804852044851009
 0.98861575564818727
 1.0109802444972447
 1.0350089272537892
 1.0603898196481711
 1.0865008710049315
 1.1121698322533324
 1.1351948848926261
 1.1512745469420127
 0.85570712042235397
 0.88122560160426899
 0.90591826741143877
 0.9297100332485202
 0.95256704849066731
 0.97450918387498309
 0.99561700621634519
 1.0160316315066196
 1.0359464509942578
 1.0555898963454098
 1.0751980330624271
 1.0949745048187165
 1.1150326103400625
 1.1353090301611815
 1.1554289162046361
 1.1744836924491666
 1.1906479471429847
 1.2004947042865191
 1.1977430160740943
 1.1709664841615139
 0.8566186194449712
 0.90317915060083498
 0.94660225456750213
 0.98680663759179843
 1.0237771827740758
 1.0575831221005505
 1.0883887778587933
 1.1164533961043916
 1.1421180875920536
 1.1657785770407161
 1.1878421626737434
 1.2086654984252416
 1.228465634616932
 1.2471885587269522
 1.2643040984813296
 1.2784670662422024
 1.2869285894822795
 1.2844702087694018
 1.2614032228112806
 1.1996748231643444
 0.85772719337633785
 0.92269935467049913
 0.98251384065933234
 1.037083983405044
 1.0864109072064778
 1.1306075694314397
 1.1699131862228769
 1.2046933435952278
 1.2354231346758293
 1.2626517308680132
 1.2869465677717205
 1.3088131126720295
 1.3285807806886596
 1.3462347768557599
 1.3611530799827138
 1.3716682834844742
 1.3742956575793395
 1.362306660840104
 1.3229750330054391
 1.2320162327549644
 0.85891299741963156
 0.939659091810925
 1.0135141350370169
 1.0803897674260008
 1.1403028415188008
 1.1934055066981142
 1.2400034040514949
 1.2805564703293943
 1.3156592706720203
 1.3459991203022641
 1.3722900631558408
 1.3951781699531742
 1.4151070975861557
 1.4321196281513326
 1.4455453526366966
 1.4534748213267359
 1.451820036529988
 1.4325503664725714
 1.3802316059345876
 1.2649437963377679
 0.86008422337321266
 0.95396249201782812
 1.0395002647915774
 1.1166126378864392
 1.1853328855082748
 1.2458485665088026
 1.29852355194945
 1.3438999433051646
 1.3826765613544487
 1.4156622181197094
 1.4437017822894607
 1.4675700583772486
 1.4878209285399882
 1.5045637092665702
 1.5171084693452164
 1.5233626949567445
 1.5187414702179398
 1.494100845857149
 1.4316538447255784
 1.2965853941802814
 0.86116999347304535
 0.96553624337090027
 1.0603945443281386
 1.1456693578694221
 1.2214117756757614
 1.2878414470412176
 1.3453724241154532
 1.3946165693052484
 1.4363610950903414
 1.4715184618136747
 1.5010466056744696
 1.5258341012055938
 1.5465363268189332
 1.5633311666260694
 1.5755284870453481
 1.5809001207160143
 1.574460505373102
 1.5461423020378235
 1.4761920268145012
 1.3257203642085293
 0.86211509727544733
 0.97432359101098576
 1.0761373620113088
 1.1674965477129657
 1.2484718488528643
 1.3193119470591215
 1.3804730704752664
 1.4326242034674213
 1.4766245012225443
 1.5134711843099848
 1.5442158483888559
 1.5698433984717721
 1.591098437378873
 1.6082246810787799
 1.6205453276745441
 1.625738330812422
 1.6185113447980914
 1.5880702898758583
 1.5131050943503195
 1.3515165043800346
 0.86287620619390515
 0.98028018312369836
 1.086682430514101
 1.1820452820454894
 1.2664610513937844
 1.3402045214156839
 1.4037660636883902
 1.4578589045437349
 1.5033971749176098
 1.5414430925135529
 1.573121170734892
 1.5994933014930268
 1.6213784889768732
 1.6390804133421186
 1.6519458457014249
 1.6575982853515574
 1.6505332009616871
 1.6194333925190003
 1.5418581482254119
 1.3733864209860325
 0.86341924453911634
 0.98337125301022166
 1.0919936508691861
 1.1892775908639379
 1.2753391035972372
 1.3504761815076076
 1.4152052328609797
 1.4702706089265785
 1.5166239986169709
 1.5553721324983223
 1.5876906494119278
 1.6146976609065102
 1.637269968034974
 1.6557633656547268
 1.6695566866847342
 1.6762577315039058
 1.6702461391450947
 1.6398909548483629
 1.5620573002740314
 1.3909040582508496
 0.86371773714769173
 0.98356988208385798
 1.0920432315851889
 1.1891644144241218
 1.2750753058531776
 1.3500941930746115
 1.4147553066923895
 1.4698207763287474
 1.5162620415369545
 1.5552092745510984
 1.5878666335894411
 1.6153866386708353
 1.6386860672389258
 1.6581637668236142
 1.6732382750082866
 1.6815405723918109
 1.6774327157617739
 1.6491837432772889
 1.5734080073468384
 1.4037541196904593
 0.86375216941177824
 0.98085636647129282
 1.0868110732046143
 1.1816850232590821
 1.2656480158403325
 1.3390356332117368
 1.4023915703978778
 1.4564821603081075
 1.5022804449895188
 1.540918490079731
 1.5736057422247005
 1.6015065630159211
 1.6255590706203422
 1.6461953887434309
 1.6628810704797738
 1.6733096136146717
 1.6719254483310122
 1.6471146221035786
 1.575688765275832
 1.4117010600034938
 0.86351077867859094
 0.97521916436023115
 1.0762860045744367
 1.1668286345335686
 1.2470466908206683
 1.3172898654681344
 1.3781027506578749
 1.4302420573630763
 1.4746639690053003
 1.5124805022337673
 1.5448826812890433
 1.5730235994979509
 1.5978435420918162
 1.6197977325480408
 1.6384059990271926
 1.6514642643971109
 1.6536007499498619
 1.6335380049731552
 1.5687362586512665
 1.4145714843597244
 0.86299300969984094
 0.96665888569621117
 1.0604707386102687
 1.1446005967630137
 1.2192793967743856
 1.2848673384803448
 1.3419009815279783
 1.3911132645671005
 1.4334247329775207
 1.4699050736703272
 1.5017028077869869
 1.5299362642414875
 1.5555283724653697
 1.5789470706634086
 1.5997738110985675
 1.6159474335401802
 1.6223826305879829
 1.6083599609461752
 1.5524421728565614
 1.4122489205536144
 0.86221875388393598
 0.95519922127919121
 1.0393957751566043
 1.1150399559216102
 1.1823941995123814
 1.2418245958697094
 1.2938500090738712
 1.3391649436658324
 1.3786351561321046
 1.4132654222467
 1.4441374059030836
 1.4723109168644117
 1.4986717868585313
 1.5236901735538213
 1.5470166221945054
 1.5667739058216748
 1.5782670092153865
 1.5715579535158362
 1.5267686972332559
 1.4046866545559797
 0.86125092646320578
 0.94091513121521386
 1.013157075236345
 1.0782683334403527
 1.136539317939903
 1.1883347842816763
 1.2341446321253844
 1.2746093701253254
 1.3105203498737155
 1.3427946267589221
 1.3724225317516943
 1.4003815049799231
 1.4275004297023959
 1.4542410734260065
 1.480330502884972
 1.5041166821059371
 1.521399657809561
 1.5232487364974914
 1.4918063983886201
 1.3919588223214758
 0.86024864416461788
 0.92400628606591262
 0.98202169776557824
 1.034631501797681
 1.0821393086642437
 1.124894619010514
 1.1633436220472144
 1.1980557377255643
 1.2297278517247638
 1.2591666015916907
 1.2872468431334967
 1.3148401112674908
 1.3426985869826424
 1.3712647482161653
 1.4003488550585861
 1.4285643017319534
 1.4523106278201945
 1.4638930172717237
 1.4479460658761822
 1.3744076336373041
 0.85958339377149506
 0.9049945003088804
 0.94674226995688116
 0.98513503963641957
 1.0204416412579598
 1.0529664567648718
 1.0830906450447795
 1.1112935954312197
 1.1381581638950036
 1.1643594868424347
 1.1906347896130904
 1.217727926946117
 1.2462955275345473
 1.2767491776300117
 1.308985863953376
 1.3419185737361086
 1.3726430007297483
 1.3949259733153818
 1.396386543290854
 1.3530444537402937
 0.86002570870318229
 0.88528007281652243
 0.90956766858873672
 0.93288189224166085
 0.95532448058498109
 0.97709577207350451
 0.99848325911620495
 1.0198589316364326
 1.0416776755205739
 1.0644695937483464
 1.088820224227484
 1.115331219378781
 1.1445494086356416
 1.1768432407526506
 1.2121902548187513
 1.249813327165844
 1.2875588408274476
 1.3208288463447797
 1.340715687178492
 1.3305951998465431
 0.8625093975880691
 0.86885654402664891
 0.87780731212909657
 0.88818482101080554
 0.8996909244228557
 0.91235802865667037
 0.92636669289587104
 0.94198623441165552
 0.95955616697008961
 0.97947776743442339
 1.0022016730021408
