# Created by Octave 6.3.0, Mon Sep 27 14:53:39 2021 GMT <unknown@LAPTOP-7NASCU26>
# name: u
# type: matrix
# rows: 64
# columns: 1
 1.8874111709150239
 1.9195188252238757
 1.9804440902535143
 2.0692923979403974
 2.1875665836309226
 2.3366230714519607
 2.5100346004716432
 2.6707908290750195
 1.8961155158101726
 2.0614878857657017
 2.2126260469306187
 2.3523677539011554
 2.4913946764987234
 2.6424789950011314
 2.8037338861780752
 2.8975355807230248
 1.9062546851198132
 2.1601100945696565
 2.3714692150627101
 2.5464067716081167
 2.7035218205564422
 2.867262658548559
 3.0465006597434736
 3.1424132698057337
 1.9144995307484849
 2.2111602194281414
 2.4517475485781444
 2.6451968023868515
 2.8158674262068866
 2.9972833018312595
 3.2081097877492915
 3.3375165163304046
 1.91914048566145
 2.2125929641994935
 2.4509354443998399
 2.6455568429510081
 2.8239032445780716
 3.0246486269306105
 3.2731010898851554
 3.4556668430466599
 1.9191954681382926
 2.1632609605972766
 2.3676038488273461
 2.5456077834129665
 2.724845333461638
 2.9446224669454768
 3.2331177102464972
 3.4841199460570387
 1.9158723559620592
 2.065910142175583
 2.2061450046198021
 2.3507236517499464
 2.5240505388866601
 2.7613522424518582
 3.0898989081098449
 3.4219171174849867
 1.8943148625560775
 1.8795670196383691
 1.9009903150402163
 1.979629466800761
 2.1337832810305546
 2.3879969586921739
 2.7633642198046835
 3.2016507740316476


# name: flag
# type: scalar
0


# name: relres
# type: scalar
0


# name: iter
# type: scalar
0


# name: resvec
# type: scalar
0


# name: x
# type: matrix
# rows: 1
# columns: 8
 0 0.14285714285714285 0.2857142857142857 0.42857142857142855 0.5714285714285714 0.7142857142857143 0.85714285714285721 1


# name: y
# type: matrix
# rows: 1
# columns: 8
 0 0.14285714285714285 0.2857142857142857 0.42857142857142855 0.5714285714285714 0.7142857142857143 0.85714285714285721 1


# name: n
# type: scalar
8


# name: m
# type: scalar
8


# name: tempo
# type: scalar
0.0094900131225585938


# name: diretorio
# type: sq_string
# elements: 1
# length: 6
Direto


