# Created by Octave 6.3.0, Fri Sep 24 11:13:57 2021 GMT <unknown@Rogerio-HP>
# name: u
# type: matrix
# rows: 400
# columns: 1
 0
 0
 0
 0
 0
 0
 0
 0
 0
 0
 0
 0
 0
 0
 0
 0
 0
 0
 0
 0
 0
 0.024856934367592429
 0.046952084276768946
 0.06629513115932216
 0.082916017638040088
 0.096874813000870294
 0.10826749228572624
 0.11722614836452955
 0.12391277392171061
 0.12850605058025044
 0.13118041113702986
 0.13207570480415096
 0.1312535983178241
 0.12863247507698916
 0.12388423288233262
 0.11626023281617333
 0.10428153853596912
 0.085162374177233158
 0.05369393664405081
 0
 0
 0.046951361433603601
 0.088685901439719342
 0.12522180890308357
 0.1566155396272291
 0.18298045643152228
 0.20449774619888872
 0.22141681831642071
 0.23404355609427963
 0.24271536119819184
 0.24776160952794204
 0.24944637225580149
 0.24788611179879264
 0.24292681728492635
 0.23394926751300471
 0.21954063238486782
 0.19690998131455895
 0.1608001135176296
 0.10137966157770199
 0
 0
 0.066283235900122986
 0.12520137343119644
 0.17677995595856846
 0.22109854480028948
 0.25831704106092518
 0.28869110053915381
 0.31257269616115274
 0.33039353171233254
 0.34262981501684803
 0.34974644746704819
 0.35211619977409375
 0.34990360025144801
 0.34289163138020745
 0.33020706913723469
 0.30985727715321432
 0.27790561389035801
 0.22693571137550153
 0.14307510313263602
 0
 0
 0.082852539901006134
 0.15649847515836779
 0.22096956455871888
 0.27636508225786421
 0.32288472775708121
 0.36084789921885335
 0.39069439951473162
 0.41296370822303591
 0.42825096070879221
 0.43713721465504979
 0.44008848019877772
 0.43731069140326684
 0.42853326517801382
 0.41266606973949893
 0.38722082998073726
 0.34728084996062236
 0.28358155017091102
 0.17878887592290774
 0
 0
 0.096659271171743374
 0.18257721066169896
 0.25779066351906615
 0.32241523489434715
 0.37668369442666588
 0.42096846897441154
 0.45578247300979985
 0.48175493638098393
 0.49958006789892173
 0.50993574252803531
 0.5133657827379895
 0.51011089445952984
 0.49985636742350475
 0.48133218274808154
 0.45163837855927108
 0.40504341928421556
 0.33074476922930374
 0.20852555146890253
 0
 0
 0.10770343629312451
 0.20343759997462205
 0.28724330051737801
 0.35924910030309937
 0.41971411972373573
 0.46905311061878768
 0.50783739229061464
 0.53676793311900828
 0.55661817741717468
 0.56814349577918466
 0.57195011053426537
 0.56830686854590451
 0.556864345354388
 0.53620957548411496
 0.50311469414462773
 0.45119826177416061
 0.36842968378513102
 0.23228775261478762
 0
 0
 0.11598504706028838
 0.21907967224189606
 0.30932753313299555
 0.38686678172992151
 0.45197617660220318
 0.5051020984539385
 0.54685957320709155
 0.57800330558979973
 0.59936614752785999
 0.61176165247772141
 0.61584303409712371
 0.61190064124621357
 0.59955971723253954
 0.57730122193504929
 0.54165305229464067
 0.48574863151951209
 0.39663902249974314
 0.2500770821390072
 0
 0
 0.12150411898715366
 0.22950346301635891
 0.32404342570169509
 0.40526838579395896
 0.47347003274948152
 0.52911568580879598
 0.57284938552635434
 0.60546157718804805
 0.62782469825038123
 0.64079117581648892
 0.6450458045297297
 0.64089378415468445
 0.62794437844473006
 0.60460929103941119
 0.56725576400439792
 0.50869674899309136
 0.41537459069911614
 0.26189457567270863
 0
 0
 0.12426067178334838
 0.23470901535853625
 0.33139105146620079
 0.41445402655458907
 0.48419585794266562
 0.54109411759702553
 0.58580717323626341
 0.61914321902361846
 0.6419944587732529
 0.65523288427606274
 0.65955945606495536
 0.65528756062491633
 0.64201980953296223
 0.61813542806379629
 0.57992453167804692
 0.52004420483920322
 0.42463765054150998
 0.26774094474873017
 0
 0
 0.1242547327719971
 0.23469638646140184
 0.33137050231529408
 0.41442383883780259
 0.48415384213991502
 0.54103765500692813
 0.5857332882722599
 0.61904869578515209
 0.64187602940187005
 0.65508753471054526
 0.6593849166113287
 0.65508307106870423
 0.64178726310943823
 0.61788098617882592
 0.57966071854229495
 0.51979224257049372
 0.42442916956821669
 0.26761672767182498
 0
 0
 0.12148634679382327
 0.22946566589746728
 0.32398191383137409
 0.40517800997562053
 0.47334423535517689
 0.52894662604673515
 0.57262815491666197
 0.60517854757980039
 0.62747008472952737
 0.64035595095778386
 0.64452316586815728
 0.64028144391017683
 0.62724798878086829
 0.60384728166708723
 0.5664656218339067
 0.50794202481990436
 0.41475004125678117
 0.26152241813857996
 0
 0
 0.11595560391189967
 0.21901702349402985
 0.30922552676051701
 0.38671685368632347
 0.45176743718054724
 0.50482153614552427
 0.54649240758451534
 0.57753356091837948
 0.59877758332884357
 0.61103927679085435
 0.6149755344163762
 0.6108841808570441
 0.5984036200669639
 0.57603601098500934
 0.54034089849739531
 0.48449503290589746
 0.39560140865028653
 0.24945865270930886
 0
 0
 0.10766272373440554
 0.20335084143966434
 0.28710184218077789
 0.35904098654534239
 0.4194242059193809
 0.46866332526353049
 0.50732721096810873
 0.53611516536968395
 0.55580025223111862
 0.56713955645898606
 0.57074438385061732
 0.56689393310091163
 0.55525703324078091
 0.53445016581199611
 0.50128949342416773
 0.44945394284377965
 0.36698538980157386
 0.23142664620492487
 0
 0
 0.096608347229754976
 0.18246810650492207
 0.25761202796687011
 0.32215176193616124
 0.37631616688887159
 0.42047399815317799
 0.45513505297692858
 0.48092642354189952
 0.49854180252010794
 0.50866119698649015
 0.51183482527946345
 0.50831646791265428
 0.49781452963725548
 0.47909636897146735
 0.44931803357009303
 0.40282493929557173
 0.32890708735937396
 0.20742948809713627
 0
 0
 0.082794714864507582
 0.1563716580064767
 0.22075900400411022
 0.27605235559197511
 0.32244709421989148
 0.36025824987487254
 0.38992182423936472
 0.41197465581405834
 0.42701117831987934
 0.43561490429315414
 0.43825937714575663
 0.43516603609921828
 0.42609183345607171
 0.4099913424723064
 0.38444353274185139
 0.34462437115309502
 0.28138076122145023
 0.17747665466994697
 0
 0
 0.066231297551257604
 0.12507029652683796
 0.17655024349656734
 0.22075046800802448
 0.25782626820905158
 0.28802789112442312
 0.31170259280898094
 0.32927881056107744
 0.34123175508292986
 0.34802891260820595
 0.35005135962978562
 0.34748093502407518
 0.34013162025331412
 0.32718093094014022
 0.30671322155230724
 0.27489879682187401
 0.22444996966701727
 0.14160230796550222
 0
 0
 0.046966732714102649
 0.088591141222068862
 0.12500376620750053
 0.15626484594607157
 0.18247772291694744
 0.20381466683186286
 0.22051863661556145
 0.23289140201927405
 0.24126891849600318
 0.24598290468276088
 0.24730569017086015
 0.24537134319543061
 0.2400578815916983
 0.23079945010873218
 0.21626620777040656
 0.19378670717282515
 0.15825396147706491
 0.099953700791112335
 0
 0
 0.025301873180152989
 0.046993027437414361
 0.066152022092340834
 0.082640878049557137
 0.096467933697697059
 0.10771016234498812
 0.1164909797478665
 0.12296786904130982
 0.12731778779822675
 0.12971665974297372
 0.13031063896654135
 0.12917535681718714
 0.12625529801414903
 0.12126738319845665
 0.11353745423208432
 0.10170937392595659
 0.0832141975135261
 0.053308273116993384
 0
 0
 0.0034368491837745326
 0
 0
 0
 0
 0
 0
 0
 0
 0
 0
 0
 0
 0
 0
 0
 0
 0.0067230775519129364
 0


# name: flag
# type: scalar
0


# name: relres
# type: scalar
0


# name: iter
# type: scalar
0


# name: resvec
# type: scalar
0


