# Created by Octave 6.3.0, Mon Sep 27 12:01:23 2021 GMT <unknown@Rogerio-HP>
# name: u
# type: matrix
# rows: 2500
# columns: 1
 0.35590894370397047
 0.35602271685115378
 0.35624863787639194
 0.35658486886444973
 0.35702951123627741
 0.35758069885035265
 0.35823666006632598
 0.35899576141131395
 0.3598565392688548
 0.36081772314215838
 0.36187825257703227
 0.36303728901456311
 0.36429422335841438
 0.3656486797359233
 0.3671005157292645
 0.36864981921060636
 0.37029690180859043
 0.37204228894692631
 0.37388670631876508
 0.37583106258489168
 0.37787642800325111
 0.38002400860611274
 0.38227511543355513
 0.38463112820177187
 0.38709345262485151
 0.38966347041063409
 0.3923424807042501
 0.39513163144322827
 0.39803183869747205
 0.40104369157168207
 0.40416733961392504
 0.40740235885636156
 0.41074759154849583
 0.41420095323796641
 0.41775919897521241
 0.42141763786753955
 0.42516978168272374
 0.42900690823025805
 0.43291751307175741
 0.43688661247457838
 0.44089484426562697
 0.44491728750093579
 0.44892187938910499
 0.45286723432697817
 0.45669953491863141
 0.46034789972316958
 0.46371706798368945
 0.46667492161625379
 0.46902893748032581
 0.47047572668847504
 0.35594456513646661
 0.35997572116864973
 0.3639561946645043
 0.36788401868742671
 0.37175728212312598
 0.37557423293280373
 0.37933336815909824
 0.38303351163016125
 0.38667388048269574
 0.39025414113480406
 0.39377445491314472
 0.39723551326387052
 0.40063856232211448
 0.40398541653964343
 0.40727846104238979
 0.4105206423849298
 0.41371544736917304
 0.41686686958441083
 0.41997936329192692
 0.42305778420663542
 0.42610731660740114
 0.42913338602247092
 0.43214155647061231
 0.4351374108731042
 0.43812641276365222
 0.44111374678401849
 0.44410413462636966
 0.44710162202224685
 0.45010933102144879
 0.45312917007116221
 0.45616149218870256
 0.45920468867568559
 0.46225470215192427
 0.46530443792762505
 0.46834304651714798
 0.47135504192066635
 0.47431920945395512
 0.47720724239073098
 0.47998202706393134
 0.48259546927197372
 0.48498571778739574
 0.48707358888272406
 0.48875792214157793
 0.48990949197678207
 0.49036294623634835
 0.4899060254912822
 0.48826503360356976
 0.48508530270927702
 0.47990595668407154
 0.472133228958802
 0.35601060564093567
 0.36379628193873581
 0.37137550224831206
 0.37874608746601346
 0.38590604597926331
 0.39285368474610194
 0.39958772166274809
 0.40610739229918541
 0.41241254728869803
 0.41850373794392154
 0.42438228824772456
 0.43005035168408634
 0.43551095159781095
 0.44076800395971
 0.44582632158122443
 0.45069159896795791
 0.4553703771165683
 0.45986998763150705
 0.46419847555238369
 0.46836450022237314
 0.47237721337384148
 0.47624611333720401
 0.47998087386711913
 0.48359114549559135
 0.48708632652661515
 0.49047529973445902
 0.49376612945756621
 0.4969657120149556
 0.50007937011099413
 0.50311037900463063
 0.5060594085245872
 0.50892386027800784
 0.51169707331257464
 0.5143673636287347
 0.51691685272918686
 0.51932002706425107
 0.52154195273329118
 0.5235360467014758
 0.52524127513427521
 0.52657860858349759
 0.52744650910714874
 0.52771515129722824
 0.52721898189892935
 0.52574709539996578
 0.52303074349724177
 0.51872711841509944
 0.51239841906610795
 0.50348534022330194
 0.49127511944853319
 0.47486749944638174
 0.35610221897954669
 0.36747938191265483
 0.37850127117349636
 0.38916546270978841
 0.39946984629502724
 0.40941275015328915
 0.41899307562155791
 0.42821043094875788
 0.43706525719585609
 0.44555894129493373
 0.4536939125432104
 0.46147371959087785
 0.46890308554254262
 0.47598793923109584
 0.48273542108329981
 0.4891538622927919
 0.49525273624754435
 0.50104258131510815
 0.50653489415431385
 0.51174199267614828
 0.51667684759464916
 0.52135288116174761
 0.52578373113328569
 0.52998297722506393
 0.53396382623616445
 0.53773875057748011
 0.54131907306429461
 0.54471448840710934
 0.54793250872688803
 0.5509778164484127
 0.55385150284928042
 0.55655016404457225
 0.55906481784513629
 0.56137959417512751
 0.5634701378143222
 0.56530164412645345
 0.56682642478234213
 0.56798086945760351
 0.56868162863897254
 0.5688207887849186
 0.56825973997115553
 0.56682134258280314
 0.56427987755026576
 0.56034810828387294
 0.55466058940271934
 0.54675213571696868
 0.53603014741817456
 0.52173934836466374
 0.50291752566440984
 0.47834089064188756
 0.35621496626897797
 0.37102047678834654
 0.38532877326188536
 0.39913718278373161
 0.41244346068414034
 0.42524593426492058
 0.43754366141857709
 0.44933659113006896
 0.46062571666576418
 0.47141321461084718
 0.48170256447091681
 0.4914986446474357
 0.50080780141949421
 0.5096378882181537
 0.51799827301540935
 0.52589981208824921
 0.53335478876169706
 0.54037681597365161
 0.54698070162118728
 0.55318227561879763
 0.5589981773941014
 0.56444560212995554
 0.56954200339066308
 0.5743047487917784
 0.5787507240234796
 0.58289587873591653
 0.58675470543862851
 0.59033963952267976
 0.59366036461116078
 0.5967230024548974
 0.59952916021696057
 0.60207479983605494
 0.60434888369871853
 0.60633173738181712
 0.60799305281296767
 0.60928943258431922
 0.61016134666877253
 0.61052933418831923
 0.61028923218925046
 0.60930614663934501
 0.60740679290256405
 0.60436971709875642
 0.59991275764319862
 0.5936769077213977
 0.58520548256265692
 0.57391716577764107
 0.55907108484157408
 0.53972149494058452
 0.51465877263768289
 0.4823317535491542
 0.35634481603271462
 0.3744154646019493
 0.39185377742832472
 0.40865684512881473
 0.42482228791979998
 0.44034842218497922
 0.45523444467805863
 0.46948061990556156
 0.48308845997418981
 0.49606088862554548
 0.50840238290615103
 0.52011908721231004
 0.53121889546426926
 0.54171149799154472
 0.5516083903982395
 0.56092284224348765
 0.56966982381940656
 0.57786588962609708
 0.58552901730997642
 0.59267840082016565
 0.59933419631288298
 0.60551721885352283
 0.61124858717934405
 0.61654931263039714
 0.62143982675596854
 0.6259394399623921
 0.63006572076337231
 0.63383378156840253
 0.63725545229321834
 0.64033831712920941
 0.64308458221087639
 0.64548973220072736
 0.64754092134303787
 0.64921502848649171
 0.65047628482484932
 0.65127335616034365
 0.65153572635297197
 0.65116918259043677
 0.65005014258383853
 0.64801848390356409
 0.64486842987785231
 0.64033690595917603
 0.63408859323017874
 0.62569665518702156
 0.61461777628386904
 0.60015968935787345
 0.5814387222445262
 0.55732394740107716
 0.52636305055455468
 0.48668263058269395
 0.35648812298096777
 0.3776606502678137
 0.3980724948207377
 0.41772053259262715
 0.43660225806761366
 0.45471597574834177
 0.4720610110008992
 0.48863792448970511
 0.50444871826297488
 0.51949702405822273
 0.53378826623053977
 0.54732979313240682
 0.56013097193155925
 0.57220324281970902
 0.58356012937970181
 0.59421720255742194
 0.60419199622587394
 0.6135038727181984
 0.62217383691999639
 0.63022429751700382
 0.63767877375174631
 0.6445615455037208
 0.65089724361327095
 0.6567103760482943
 0.66202478367714612
 0.66686301695002304
 0.67124562156392653
 0.67519031701132803
 0.67871104655319803
 0.68181687030221882
 0.68451066434123231
 0.68678757759050202
 0.68863318374990468
 0.69002124710981516
 0.69091099704924275
 0.69124377487752409
 0.69093887597536718
 0.68988835677135318
 0.68795050562935134
 0.68494158331715371
 0.68062531425350803
 0.67469944289449879
 0.66677844447508161
 0.65637117285997248
 0.64285180629258198
 0.62542186174096159
 0.60306020651957681
 0.57445676569688242
 0.53792378653888151
 0.49127574762035442
 0.3566415984224599
 0.38075270853231252
 0.40398153018974303
 0.42632475218811999
 0.44777975934504055
 0.46834484986171099
 0.48801947326894485
 0.5068044718705621
 0.5247023126467697
 0.54171729919888056
 0.55785575524780895
 0.57312617273126021
 0.58753931881563304
 0.60110829721882686
 0.61384856016339007
 0.62577786805640112
 0.63691619461742144
 0.64728557563069566
 0.65690989975444447
 0.66581463984174649
 0.674026522968736
 0.68157313677186093
 0.68848246870076257
 0.69478237331663772
 0.70049996070857168
 0.70566089633776174
 0.7102885989931027
