# Created by Octave 6.3.0, Mon Sep 27 14:53:41 2021 GMT <unknown@LAPTOP-7NASCU26>
# name: u
# type: matrix
# rows: 1024
# columns: 1
 0.44798273268164701
 0.4482982953055496
 0.44891426936282497
 0.44981434516585106
 0.45098278243688317
 0.45240592101124122
 0.45407383001430424
 0.45598225012701343
 0.45813477483027598
 0.46054489452006359
 0.46323697111364448
 0.46624434127275466
 0.46960273786643436
 0.4733414967498818
 0.47748681328522402
 0.4820959693722523
 0.48728591383050279
 0.49322227610102953
 0.50003914805588334
 0.50772143611762433
 0.51616170125350336
 0.52523236736552592
 0.53481796041378105
 0.54481673124630592
 0.55512867653333586
 0.56563920092682118
 0.57620064506541269
 0.58660956962330491
 0.59657415903158195
 0.60566028601865096
 0.6131901995973148
 0.61802519461580341
 0.44813842287080596
 0.45789986992164333
 0.4673347373572681
 0.47642544587010177
 0.48515622739002573
 0.49351489647185581
 0.50149493191682115
 0.50909796675858576
 0.51633669562343187
 0.52323801258928282
 0.52984571449177653
 0.5362200754304407
 0.54242825212665902
 0.54852071962048576
 0.5545154109674244
 0.5604678552486908
 0.56653153671584877
 0.57297301507087761
 0.58005586124723152
 0.58771033869192268
 0.59574880299564248
 0.60398804166185482
 0.61226441562340006
 0.62040852518773393
 0.62821059054198414
 0.63538285583667753
 0.64151535175686569
 0.64601722792537841
 0.64803262582963694
 0.64631591385242504
 0.63904747792145156
 0.62358127976686495
 0.44841901048709298
 0.46699931377315201
 0.48466968825093282
 0.50141028508562513
 0.51720406354884296
 0.53203864462628747
 0.54590863894125663
 0.55881861955289214
 0.57078691490350386
 0.58185050233288149
 0.59207213557998617
 0.60154734012805089
 0.61039624016902327
 0.61870294003073667
 0.62640260821697757
 0.63348646135684661
 0.6401296524401161
 0.64681711450423296
 0.6542691522813131
 0.66213111001121283
 0.67000376126227368
 0.67762791473398998
 0.68481210299061313
 0.69134701199813131
 0.6969404863565577
 0.70116060368293753
 0.7033706574550993
 0.7026408534511287
 0.69761993267515821
 0.68634522189627922
 0.66596262854956745
 0.63232116951153972
 0.44879819642805407
 0.47556920733049912
 0.50089023347416362
 0.52473878688817699
 0.54709573689146807
 0.56794702911000539
 0.58728594091468311
 0.60511627537648005
 0.62145673618558228
 0.636346501392826
 0.64985940505951845
 0.66213379617044121
 0.67340283870287587
 0.68389338779236553
 0.69323815918035203
 0.7012289441101589
 0.70793714719832412
 0.71415431370970839
 0.72239507153814864
 0.73092915406857606
 0.73894112097912246
 0.74616005882071434
 0.75244193688633376
 0.75758539738746089
 0.76124612435341876
 0.76287272654201832
 0.76162930672006457
 0.75628292055113489
 0.74503366603967591
 0.72525698352696188
 0.69311138903678016
 0.64293458195951081
 0.44925373478720593
 0.48358697720269195
 0.51597355957219582
 0.54638855154406563
 0.57481049343114954
 0.60122257666741319
 0.62561419623602799
 0.64798399406764151
 0.66834475863944309
 0.68672217322815388
 0.70316960385321103
 0.71783833888079307
 0.73118285739714906
 0.74417299404027148
 0.75532761319798525
 0.76410138609844169
 0.77000910787708632
 0.77316610097345728
 0.78410829352938893
 0.79424713992428775
 0.80271751991028206
 0.80966331949548964
 0.8151636240814244
 0.81908579730349351
 0.82105575016468202
 0.82041643900921379
 0.81614956132038774
 0.80674342921863029
 0.78998274936172441
 0.76262150095427805
 0.71987398104294664
 0.65461183192866479
 0.44976651569454262
 0.49103356337049392
 0.52990106777025581
 0.56634253778014976
 0.60033491358014168
 0.63185852556821764
 0.66089645292998345
 0.68743686678206251
 0.71148663979724436
 0.73303959835090793
 0.75205203239395235
 0.76847708788200098
 0.78279656449419033
 0.79984424678471266
 0.81335921356637653
 0.82335047307180143
 0.82816452293107368
 0.8171097218379747
 0.84012104616570471
 0.85292701618281197
 0.86174444924567029
 0.86828487800133247
 0.87299342141826886
 0.87580152515157961
 0.87628931371016061
 0.87368600199502
 0.86679408069125574
 0.85383825095325483
 0.83221452371372751
 0.7980936480078118
 0.74579858589026116
 0.66681602965097309
 0.45031947496151919
 0.49789198762493847
 0.54265633038383798
 0.58458624409160964
 0.62365954923493594
 0.65985615120093821
 0.6931508741669824
 0.72350628312913179
 0.75095495212209973
 0.77547758300851022
 0.79688152610290808
 0.81434231730229822
 0.82441547253891589
 0.85239963957225373
 0.86831328734614543
 0.881216179890977
 0.89574304738846733
 0.89127177667788837
 0.90016688024858094
 0.90920592556569479
 0.91654830200046278
 0.92210792623472349
 0.92588071705653008
 0.92764044728210027
 0.92684337123900029
 0.92257067775796886
 0.91343574983191989
 0.89740899293975718
 0.87152329319795729
 0.83140787652561476
 0.77055792603345885
 0.67917690457439539
 0.45089655290695574
 0.50414592751889131
 0.55422277083381244
 0.60110376524680598
 0.64477290455754277
 0.68521955545310598
 0.72241790101294112
 0.75621480226677873
 0.78680093692332442
 0.81426484919916686
 0.83871544462399839
 0.86050461071618889
 0.88139926731635687
 0.91104590452148315
 0.91968084682810058
 0.93089995361830635
 0.94139441084410913
 0.94658292047229553
 0.95389519398804312
 0.96067769718000584
 0.96642847590927072
 0.97081097995898591
 0.97359648110352981
 0.97442107318622972
 0.97257714155066544
 0.96695601429520395
 0.95596516772483697
 0.93733058576003681
 0.90775263136019357
 0.86236809757373467
 0.79391776219274235
 0.69143578489079061
 0.45148199772456588
 0.50977866154704454
 0.56458151946159774
 0.61587258674300327
 0.66364867685821827
 0.70793482901860116
 0.74882457344521924
 0.78552657276868776
 0.81889847677218319
 0.8490170445182843
 0.8760997751207048
 0.90061812115039375
 0.92355205483170566
 0.9460699046036829
 0.9612711211120869
 0.9741437692224364
 0.9848565816173529
 0.99322756924491973
 1.001686889408492
 1.0064517474291812
 1.0107248542898866
 1.0139132977265088
 1.0157464377469845
 1.0158580003688766
 1.013314934289486
 1.0067390469294533
 0.99430750685976066
 0.97352293796518463
 0.94079847698534003
 0.8908398473616469
 0.81571645873645759
 0.70341488880146663
 0.45206036095852653
 0.51477308308284941
 0.57371129931687159
 0.62886107623723286
 0.68022425096137373
 0.72782889892175318
 0.77141735028490033
 0.8112525570699759
 0.84708628235684158
 0.87948140993987001
 0.90866224528293515
 0.93497064008240216
 0.95881028105748711
 0.98019049836566108
 0.99750316844053455
 1.0120901111091933
 1.0232480354118814
 1.0327828975607805
 1.0400235921898975
 1.0456584018890076
 1.0488410156525403
 1.0508241181008313
 1.0516983764665788
 1.0515297507346113
 1.0488723888474456
 1.0418732761076048
 1.0284592704135738
 1.0059719176140045
 0.97061571628283994
 0.91674553336972742
 0.83585171648336332
 0.71499905468675518
 0.45261726782171696
 0.51911310401228228
 0.58159308713903202
 0.64004672117932015
 0.69447523045165771
 0.74466534124137107
 0.79081608468460285
 0.83298864280329354
 0.87128094225659269
 0.90556892716492088
 0.93642203335568719
 0.96408331100104816
 0.98874946474804071
 1.0103335968854072
 1.028583008792554
 1.0435317554621484
 1.0556549907456583
 1.065184658266638
 1.0724310003448485
 1.0775367693998308
 1.0805136395300607
 1.0808336788356212
 1.0802216726010623
 1.0808046765861481
 1.0791582551496064
 1.0724830135944963
 1.0585600878494177
 1.0347614303711894
 0.99722569727805233
 0.94005920153244837
 0.85426989026631595
 0.72612403960994998
 0.45314049223898367
 0.52278399606896775
 0.58820971342805917
 0.64941444588792585
 0.70620287916050628
 0.75871895826144775
 0.80699889153567916
 0.8511083886913362
 0.89114789042886866
 0.92725516746966807
 0.95943989851591382
 0.98820507405438074
 1.0137416312626073
 1.0356925765085079
 1.0543199114920614
 1.0697868305472682
 1.0823090655184013
 1.0920736126689878
 1.0992115127568338
 1.1036655196264038
 1.1051126872956556
 1.1031050860747287
 1.0980334506747418
 1.1028406072114911
 1.1045624855179526
 1.0991335731750012
