# Created by Octave 6.3.0, Fri Sep 24 11:14:29 2021 GMT <unknown@Rogerio-HP>
# name: u
# type: matrix
# rows: 400
# columns: 1
 0.015449949043930553
 0.023814191188549685
 0.029527659323698423
 0.033882271913706734
 0.037303955504575818
 0.039920503927917066
 0.041749460354343911
 0.042767172245439564
 0.042936705956940331
 0.042220183380907821
 0.040585190264158133
 0.038009858772952577
 0.034489926583508967
 0.030051592698260809
 0.024776253858451818
 0.018848480554559913
 0.012650502263121338
 0.0069547563513584296
 0.0033386383907693276
 0.0051496921108551991
 0.023633119255636593
 0.051635301172903089
 0.077141135558462443
 0.099527061492310651
 0.11867354519963155
 0.13457466040410834
 0.14726757263874582
 0.15682378989743295
 0.16334579981878691
 0.16695751650473917
 0.16778657354106338
 0.16593776208522101
 0.16145547781128761
 0.1542694902112999
 0.14411140109575091
 0.13037543665631526
 0.11186879240781518
 0.086334123558483189
 0.049478016119095046
 -0.0071484315542528548
 0.029059919075072306
 0.076843534917915124
 0.12021299283442566
 0.1585437519612497
 0.19156121849814545
 0.21918866251347591
 0.24147695376850828
 0.25857275204397417
 0.2706948041024046
 0.27810475734259316
 0.28106650362055335
 0.27978959548581278
 0.2743495022923147
 0.26456983722418415
 0.24983604708517498
 0.22877880248241203
 0.19870112825164607
 0.15448610142234562
 0.086416415264397861
 -0.024368935456798854
 0.03318762807303325
 0.098961125312009249
 0.15824215133777295
 0.21057657993896631
 0.25570242640337032
 0.29354182242571553
 0.32417635938079864
 0.34782170710801102
 0.3647965355661123
 0.37547940812789365
 0.38024852914164359
 0.37939821949108232
 0.37302089485778672
 0.36083172477782438
 0.34189003018031949
 0.31412596673673948
 0.27348947555977038
 0.21234854758369498
 0.11635779255096788
 -0.041873649023791142
 0.036552983199579551
 0.11796390163088349
 0.191030680546462
 0.2554178102326235
 0.31091399054627006
 0.35747262466734897
 0.39521805034568097
 0.42443127708362555
 0.44551752110276804
 0.45895372057753675
 0.46521241178923506
 0.46465515057203616
 0.45738130738147159
 0.44300304072186247
 0.42028812080328398
 0.38655577710095673
 0.33659861504226535
 0.26067412108038113
 0.14062346001571246
 -0.057890833502955721
 0.039377596980239508
 0.13389021689182767
 0.2185035875151628
 0.29295311031965515
 0.35707659055718305
 0.41086716815290192
 0.45449479704932105
 0.4883000072080742
 0.51276154645172622
 0.52843733178739405
 0.53587582956795665
 0.53549060120618708
 0.52738169656049227
 0.51106986910441321
 0.48507582965505758
 0.4462118667847968
 0.38832505614035173
 0.29996947132690222
 0.15992881007227333
 -0.071720589922972325
 0.0417615164090437
 0.14677232937791843
 0.24063120993941392
 0.32311891953725302
 0.39411366645060075
 0.45364645835035827
 0.50192938608134197
 0.53935395899180849
 0.56645880058329789
 0.58386583782568313
 0.59218217677045715
 0.59185998827174879
 0.58299656239009046
 0.56503704025529633
 0.53630514882596625
 0.49321601467680742
 0.42888444709151863
 0.33055365816762039
 0.1746534434523844
 -0.083076469273456369
 0.043752793104953482
 0.15662998602107478
 0.25740012662865291
 0.34587820385681367
 0.42197553081618011
 0.4857557589742531
 0.53746631528855904
 0.57753916461299759
 0.60655838881150359
 0.62519305260857827
 0.63409234079168841
 0.63373494792454721
 0.62421389028587027
 0.60491697412695267
 0.57402358241109752
 0.52766257244030879
 0.45842588206612767
 0.35262331289878562
 0.18500099519288049
 -0.091836962823484219
 0.045375310671187996
 0.16347385890625987
 0.26880277590173673
 0.36120794028670528
 0.44062909958475077
 0.50715678472786607
 0.56106553788317848
 0.60281610457674561
 0.63302303982204322
 0.65238566364409312
 0.66157913823469661
 0.66109745785621576
 0.65102903138497004
 0.63072388440215876
 0.59827048955133355
 0.54962139746697547
 0.47705027434994618
 0.36629964190807118
 0.19108342258491526
 -0.097948799676082957
 0.046640972014368835
 0.16730905263216045
 0.27483382396405676
 0.3690928004506851
 0.45005163191581976
 0.51782234662258675
 0.57269793706041017
 0.61515569604196751
 0.64582532956202443
 0.66541950915553649
 0.6746235544725766
 0.67393605955779257
 0.66344113898710444
 0.64247111003932167
 0.60907686493378588
 0.55914305038830736
 0.48482553562840347
 0.37165817045826116
 0.19296411109964015
 -0.10138809583034178
 0.047555421428403757
 0.16813741641351895
 0.27548888997114596
 0.36952190944415869
 0.45022697189163113
 0.51773279296101815
 0.57234214215426582
 0.61453641815079196
 0.64494499530979732
 0.66427698837338911
 0.67321222138575854
 0.67224347858471223
 0.66145119103335881
 0.64017012732308043
 0.60646644589836518
 0.55626373961967013
 0.48179744228105925
 0.36874661294357874
 0.19067989547576836
 -0.10214428113088812
 0.048120819965463017
 0.16595885893098067
 0.27076404486089822
 0.36248709850793021
 0.44114327295030609
 0.50687367836788821
 0.55998234146343961
 0.60094230008926008
 0.63036706542049736
 0.64894529985364158
 0.65733577261486464
 0.65601518602370734
 0.6450609831504952
 0.62383040915235799
 0.59045714296140617
 0.54100925327844351
 0.46799688854534005
 0.35759531336377459
 0.18425230256717826
 -0.10021345709800919
 0.048337056023073581
 0.1607719068608465
 0.26065547085834012
 0.34798186045922297
 0.42279159148885465
 0.48523427150539111
 0.53560685354139659
 0.57436160686229087
 0.60208066171967711
 0.61941535626237876
 0.62698789265657595
 0.62524865978843058
 0.61427276838970579
 0.59345972707368111
 0.56106240477782343
 0.51339781603076606
 0.44344443698465874
 0.3382230061717359
 0.17369286712355725
 -0.095596301605880257
 0.048201713823524721
 0.15257345368524222
 0.24515891041202184
 0.32600056948011391
 0.39516501448426572
 0.45280671251605537
 0.49920738691543048
 0.53478622798694309
 0.56007851830722111
 0.57568143103019487
 0.58216510529201559
 0.57994336215691888
 0.56908951835774046
 0.54906483957685803
 0.51829249605714245
 0.47344204395104045
 0.40815278088100876
 0.3106391323627406
 0.15900408832609952
 -0.088299798890158404
 0.047707988412816517
 0.14135695682121188
 0.22426833991045717
 0.296537637173303
 0.3582582319689161
 0.40958593466671683
 0.45077925819401771
 0.48221214971829052
 0.50435767180142521
 0.51774203704881827
 0.52286782059660053
 0.52010194664099763
 0.50951628967873686
 0.49065300667842127
 0.46215608366520039
 0.42115034558971715
 0.36212733358417643
 0.27484242597178987
 0.14017438973644283
 -0.078346769538698707
 0.046836824500970958
 0.12710635923234445
 0.19797248708408396
 0.25958629917634551
 0.31206796470977749
 0.35557122355274956
 0.39032375849537565
 0.41664243354469316
 0.43492292338777916
 0.44560376943545005
 0.44910445678091565
 0.44573453930700541
 0.43556450258745277
 0.41823601748742539
 0.39266359071201762
 0.35652881404466169
 0.30536508954606739
 0.23081365380811164
 0.11715959993258014
 -0.065809944781857727
 0.04552897604645801
 0.10977656632804
 0.16624574797513111
 0.21513726454505963
 0.25659646168894301
 0.29077274258463631
 0.3178567441439063
 0.33809736539336221
 0.35179822884857309
 0.35929366732139922
 0.36090447740465692
 0.35687207119343717
 0.34726504348505682
 0.33184231725388802
 0.3098372718706171
 0.27958757962145547
 0.23785403914161501
 0.17850011342232242
 0.089832260829408414
 -0.050932250585090807
 0.04357854426965236
 0.089229866333604288
 0.12902713830170739
 0.16318213978909885
 0.19186758961307596
 0.21523494478347613
 0.23343721062443479
 0.24664721056870334
 0.2550629772689616
 0.25889835984877058
 0.25835959963684785
 0.25360846550591271
 0.2447099106367927
 0.23155599733118856
 0.21374482927107721
 0.19036607772575156
 0.15958688465878507
 0.11780707081854877
 0.057886910869875727
 -0.034556159572311666
 0.040182690046536733
 0.065032693778630801
 0.086195444929963366
 0.10375485105413169
 0.1179942343646702
 0.12911959355101799
 0.13726361983631058
 0.14252084333200557
 0.14497169019315029
 0.14469313046707913
 0.14175993592239208
 0.13624069437347328
