# Created by Octave 6.3.0, Mon Sep 27 14:53:35 2021 GMT <unknown@LAPTOP-7NASCU26>
# name: u
# type: matrix
# rows: 64
# columns: 1
 0
 0
 0
 0
 0
 0
 0
 0
 0
 0.14967509737777884
 0.24977509028072747
 0.30398856810625102
 0.31961293700703997
 0.30128436819999443
 0.23180889431696053
 0
 0
 0.24934790183611694
 0.4159817076002193
 0.50597847027165899
 0.53146255204482762
 0.50025107364691179
 0.38428027156769617
 0
 0
 0.29902170179341198
 0.49865030264888233
 0.60607884775324639
 0.63582525590781758
 0.59746558743510603
 0.4582242688281245
 0
 0
 0.29870219083027488
 0.49780358930112856
 0.6043527851959446
 0.63283868072492266
 0.59316602286755793
 0.45391134974030867
 0
 0
 0.24839658503864515
 0.41346270027151727
 0.5008476314845246
 0.52259039952346664
 0.48748095135848896
 0.3714633155112167
 0
 0
 0.1478212271228494
 0.24493098577339278
 0.29426207053387693
 0.30303376779353103
 0.27779401863695219
 0.20864328270810115
 0
 0
 0
 0
 0
 0
 0
 0
 0


# name: flag
# type: scalar
0


# name: relres
# type: scalar
0


# name: iter
# type: scalar
0


# name: resvec
# type: scalar
0


# name: x
# type: matrix
# rows: 1
# columns: 8
 0 0.14285714285714285 0.2857142857142857 0.42857142857142855 0.5714285714285714 0.7142857142857143 0.85714285714285721 1


# name: y
# type: matrix
# rows: 1
# columns: 8
 0 0.14285714285714285 0.2857142857142857 0.42857142857142855 0.5714285714285714 0.7142857142857143 0.85714285714285721 1


# name: n
# type: scalar
8


# name: m
# type: scalar
8


# name: tempo
# type: scalar
0.010706901550292969


# name: diretorio
# type: sq_string
# elements: 1
# length: 6
Direto


