# Created by Octave 6.3.0, Mon Sep 27 12:01:12 2021 GMT <unknown@Rogerio-HP>
# name: u
# type: matrix
# rows: 2500
# columns: 1
 0
 0
 0
 0
 0
 0
 0
 0
 0
 0
 0
 0
 0
 0
 0
 0
 0
 0
 0
 0
 0
 0
 0
 0
 0
 0
 0
 0
 0
 0
 0
 0
 0
 0
 0
 0
 0
 0
 0
 0
 0
 0
 0
 0
 0
 0
 0
 0
 0
 0
 0
 0.0039965609936985658
 0.0078265939984490229
 0.011490122626710397
 0.014987226299886979
 0.018318080206322002
 0.021482997380099702
 0.024482470406597939
 0.02731721087937844
 0.029988185111131337
 0.032496644870807979
 0.034844152131071449
 0.03703259698775261
 0.039064208066633327
 0.040941554866667701
 0.042667541603016022
 0.044245392205880883
 0.045678626198217713
 0.046971025211654319
 0.048126589898838029
 0.049149486954085178
 0.050043985853309964
 0.050814384757608327
 0.051464924779041271
 0.05199969146540185
 0.052422501902070776
 0.052736775226660974
 0.052945383571330468
 0.053050479443033448
 0.053053294263766114
 0.05295390114169362
 0.05275093282411962
 0.052441243052927036
 0.052019496011969341
 0.051477663967004574
 0.050804407204094564
 0.049984302498499583
 0.048996875946123661
 0.047815382175569555
 0.046405253505952059
 0.044722117825319839
 0.042709250468992058
 0.040294279856926796
 0.037384904424736076
 0.033863292819512315
 0.029578720971995338
 0.024337834957042968
 0.017891698065750715
 0.0099184563708343762
 0
 0
 0.0078265937618664412
 0.015327070008728747
 0.022501474855579587
 0.029349963694949532
 0.035872879453713438
 0.042070835001732088
 0.047944794828293329
 0.053496152313941461
 0.058726799665722938
 0.063639188111419873
 0.068236376363457252
 0.072522065710861533
 0.076500620398500099
 0.080177072214829573
 0.083557108433147217
 0.08664704243271637
 0.089453766457515904
 0.091984686041391095
 0.094247635626215201
 0.096250774808936554
 0.09800246445582339
 0.099511121595993443
 0.1007850515249433
 0.10183225487957238
 0.1026602065480286
 0.10327560209809811
 0.10368406587889052
 0.10388981298339102
 0.10389525473693886
 0.10370053414346536
 0.10330297357022161
 0.10269641160537452
 0.10187039910840733
 0.10080921548764173
 0.099490654500879808
 0.097884513457068112
 0.095950699332320019
 0.093636838263776487
 0.090875238750860968
 0.087579010349059017
 0.083637074048524246
 0.07890771138575621
 0.073210177470846183
 0.066313735516348102
 0.057923238561823735
 0.047660061247477854
 0.035036732204596813
 0.01942297994200394
 0
 0
 0.011490098016890864
 0.022501427449437013
 0.033034055815860455
 0.043088211045634678
 0.052664396372494676
 0.061763511322171075
 0.070386971624159744
 0.078536822656117319
 0.086215842116611333
 0.093427628396438783
 0.10017667172813381
 0.10646840570371116
 0.11230923719235997
 0.11770655307443491
 0.12266870253660624
 0.12720495393931469
 0.13132542546057013
 0.13504098882442767
 0.13836314541931902
 0.14130387397824754
 0.1438754487028584
 0.14609022623452658
 0.14796039916898013
 0.1494977128285947
 0.15071314068802566
 0.15161651211723431
 0.15221608386149924
 0.15251804379026929
 0.15252593174377752
 0.15223995756010547
 0.15165619027175664
 0.15076558461259085
 0.14955280082586422
 0.14799476057356722
 0.14605886451576527
 0.14370077449518992
 0.1408616333672518
 0.13746455580601655
 0.13341017037041145
 0.12857092184740029
 0.1227837465887443
 0.11584060267306982
 0.10747615778013689
 0.097351691533784437
 0.085033928436041517
 0.069967043098927137
 0.051435414407783465
 0.028513766521961012
 0
 0
 0.014987073534138902
 0.029349665871515284
 0.0430878648430627
 0.056201967493095015
 0.068692629944448205
 0.080561025213407925
 0.091808999620505705
 0.10243922076468351
 0.11245531144655097
 0.1218619649367319
 0.13066503778019403
 0.13887161699323491
 0.14649005908588753
 0.15352999884421012
 0.16000232623543251
 0.16591913014627574
 0.17129360791638529
 0.17613993976488279
 0.18047312720396524
 0.18430879435982706
 0.18766295074298342
 0.19055171338553617
 0.19299098534133088
 0.19499608626370477
 0.19658132905592973
 0.19775953433102275
 0.19854147149027096
 0.19893521146351115
 0.19894537132466986
 0.19857222480581363
 0.19781064478534746
 0.19664883358994287
 0.19506678371139791
 0.19303439433560926
 0.19050914660615115
 0.18743321102425425
 0.18372982139439156
 0.17929869792980901
 0.17401023294016177
 0.16769805956073175
 0.16014949836129919
 0.15109320592568481
 0.14018311602906017
 0.12697744288335203
 0.11091107138110012
 0.091259039999369532
 0.067087953635650552
 0.037190937547008238
 0
 0
 0.018317520142616783
 0.035871784935738671
 0.052662901440468646
 0.068691232403693389
 0.083957579430742516
 0.098463375874982009
 0.11221087801083257
 0.12520334589456988
 0.1374452070509081
 0.14894219735825776
 0.15970147447714364
 0.16973169998002188
 0.17904308704486305
 0.18764741118807518
 0.19555798203609118
 0.20278957455950244
 0.20935831850119072
 0.21528154489625187
 0.22057758857657186
 0.22526554534072951
 0.22936498200773639
 0.23289559680988897
 0.23587682645373168
 0.23832739461229629
 0.24026479451022972
 0.24170469550333373
 0.24266025997646448
 0.2431413522808101
 0.24315361552920645
 0.24269738450277947
 0.24176639320904589
 0.24034622312156176
 0.23841242195174095
 0.23592820177714646
 0.23284159788224812
 0.22908193358726073
 0.2245553886828619
 0.2191394057820979
 0.21267558432808656
 0.20496059836524008
 0.19573452062478672
 0.1846657267469333
 0.17133126804742585
 0.15519120858437385
 0.13555487872831831
 0.11153624016231259
 0.0819944952251387
 0.045454573962208318
 0
 0
 0.021481437715773807
 0.042067784392823396
 0.061759165247161532
 0.080556005324345009
 0.098459244314850466
 0.11547056276548597
 0.13159260627751757
 0.14682919761073773
 0.16118552864605126
 0.17466832560747628
 0.18728598208394431
 0.1990486553456389
 0.20996832227538945
 0.22005879195479108
 0.22933567255896453
 0.23781629071179455
 0.24551956181422049
 0.25246581005327551
 0.25867653679384212
 0.26417413580632804
 0.26898155324155926
 0.27312188936922599
 0.27661793777552784
 0.27949165587952912
 0.2817635581633739
 0.28345202027491373
 0.28457247796606255
 0.2851364994325517
 0.28515070269930431
 0.28461548082400079
 0.28352348630105556
 0.28185781137793081
 0.27958978202218077
 0.27667625861995782
 0.27305630427407807
 0.26864703925691974
 0.26333844428229702
 0.2569868010156201
 0.24940635905368336
 0.24035868533376636
 0.22953897182685615
 0.21655833254563223
 0.20092078611180761
 0.18199315953313996
 0.1589655112061045
 0.13079878277933274
 0.096155143621435554
 0.053304732506668444
 0
 0
 0.02447882616338902
 0.047937664066551589
 0.070376656011745226
 0.091796285946562028
 0.11219762425716168
 0.13158258554849389
 0.14995418413023864
 0.16731677572062431
 0.18367627619759347
 0.19904034987734073
 0.21341856109881374
 0.22682248398034466
 0.23926576615562506
 0.25076414311577278
 0.2613354004842311
 0.27099928211868307
 0.27977734234528268
 0.28769274085291274
 0.29476997876871541
 0.30103457415275237
 0.30651267453222131
 0.31123060307593559
 0.31521433350494155
 0.31848888674297288
 0.32107763950241996
 0.32300153131351222
 0.32427815172407615
 0.32492068324675627
 0.32493666774372287
 0.3243265538297509
 0.32308196989528015
 0.32118365063416338
 0.31859892334011708
 0.31527863213769586
 0.31115334160580466
 0.30612861303357658
 0.30007908285583301
 0.29284098820552479
 0.28420267148303135
 0.27389244395837975
 0.2615629831598269
 0.24677115977295644
 0.22895180820486261
 0.20738342999786427
 0.18114309251118949
 0.14904677272145012
 0.1095699759563752
 0.060741454432865161
 0
 0
 0.027309685424721585
 0.053481423839770226
 0.078515373570913788
 0.10241207407752817
 0.12517271905881316
 0.14679944404973994
 0.16729561145740887
 0.18666608022100586
 0.20491744986406443
 0.22205827054931285
 0.23809921219521729
 0.25305318692674689
 0.26693542018281086
 0.27976346671717611
 0.29155716851066399
 0.30233855224553696
 0.31213166445171192
 0.32096234268262291
 0.32885792107142847
 0.3358468683021808
 0.34195835534185015
 0.34722174914157367
 0.35166602683678494
 0.35531910264192751
