# Created by Octave 6.3.0, Mon Sep 27 14:53:36 2021 GMT <unknown@LAPTOP-7NASCU26>
# name: u
# type: matrix
# rows: 256
# columns: 1
 0
 0
 0
 0
 0
 0
 0
 0
 0
 0
 0
 0
 0
 0
 0
 0
 0
 0.038703785926748467
 0.071879834431488626
 0.099570076340359984
 0.1218987415054041
 0.1391013936506573
 0.15152682578508528
 0.15960569650100506
 0.16378182145523074
 0.16439837665952864
 0.16151702915675054
 0.15461288272984985
 0.14200769676695255
 0.11971552226330322
 0.078909834130937481
 0
 0
 0.071876329259949953
 0.13348628636026141
 0.18490724654588961
 0.22636941858875459
 0.25830978752805128
 0.28137562809159872
 0.29636624790840138
 0.30410541898123855
 0.30523020301405207
 0.29985550385257992
 0.28700857865193508
 0.26357856719473177
 0.22217639273872763
 0.14643497063147409
 0
 0
 0.099517498941187374
 0.18481917936232839
 0.25601149614775554
 0.3134125078450955
 0.35762660162358129
 0.38954937447741877
 0.41028700197593504
 0.42097971908353465
 0.42250973628080823
 0.4150374724763507
 0.39721993655426435
 0.36475855841053412
 0.30743906329302512
 0.20262504357282696
 0
 0
 0.12162727009339581
 0.22587852672148925
 0.31288301599726198
 0.38302859963016528
 0.43705313884967129
 0.47605050650146241
 0.50137212040438051
 0.5144113994971572
 0.51624722628558561
 0.50707801793357432
 0.48526797962987839
 0.44557454720956952
 0.37553281444104641
 0.2475020587215247
 0
 0
 0.13820566838659754
 0.25666442627890085
 0.35552207415864295
 0.43521828780870359
 0.49659053983720897
 0.54088101128909816
 0.56962483428277455
 0.58440544568149166
 0.58645001917115724
 0.57598743851974499
 0.55116622490066502
 0.5060425785490662
 0.42647364002891558
 0.28107691144080654
 0
 0
 0.14925274361062116
 0.27717701268219214
 0.38392896146379973
 0.46998213145936307
 0.53623978996043931
 0.58404251097310678
 0.61504767037190977
 0.6309656085128198
 0.63312342381195985
 0.62177284549657241
 0.59492352684195637
 0.54617254769320822
 0.46027077634545033
 0.30335550802297173
 0
 0
 0.15476855953889407
 0.28741644093362884
 0.39810397793054803
 0.48732065863912233
 0.55600176026711512
 0.60553636809085565
 0.63764266215742904
 0.65409478872811688
 0.65627138273851493
 0.6444392955768411
 0.61654589204554178
 0.56597083929975045
 0.47692989179446671
 0.31434132121562336
 0
 0
 0.15475319659569672
 0.28738289518992699
 0.39804745488606835
 0.48723441294911646
 0.55587729395825725
 0.60536383332216526
 0.63741158953154498
 0.65379541418614895
 0.65589705329154679
 0.64399066129725679
 0.61603771633212234
 0.56544192085862821
 0.47645479225909021
 0.3140366094489031
 0
 0
 0.14920677397569695
 0.27707663794744875
 0.3837598399925844
 0.46972408712862979
 0.53586740532278299
 0.58352633090388495
 0.61435637683052557
 0.63006998204068132
 0.63200352881191568
 0.62043056033323818
 0.59340292144297968
 0.54458961060676914
 0.45884861267845639
 0.30244318461966835
 0
 0
 0.13812952098524361
 0.25649816417030713
 0.3552419528359127
 0.43479090580465046
 0.49597382145175339
 0.54002619532080509
 0.56848006125269024
 0.58292229007384577
 0.58459534726688178
 0.5737641201097895
 0.54864689075712547
 0.50341900402445416
 0.42411544285991476
 0.27956337524669611
 0
 0
 0.12152200296104966
 0.225648688270671
 0.31249578972415742
 0.38243782556621297
 0.43620067218781067
 0.47486895550222719
 0.4997897721349106
 0.51236118563216781
 0.51368302155789736
 0.5040031842757664
 0.48178206122581935
 0.44194191185991799
 0.37226481601625172
 0.24540264101958398
 0
 0
 0.099385891689173542
 0.18453181038659575
 0.25552729135494129
 0.31267368720245164
 0.35656037641489163
 0.38807134706671509
 0.40830725985291
 0.41841392462153076
 0.41929933802882569
 0.41118525966570474
 0.39284855793535561
 0.36019726124508905
 0.30332885865538273
 0.19997973238020547
 0
 0
 0.071726856900364996
 0.13315980096288924
 0.18435685819206829
 0.22552913004369915
 0.25709641603777361
 0.27969261907063209
 0.29411047362419313
 0.30117955791884704
 0.30156541846585672
 0.29545166134957068
 0.28200116017591942
 0.25833937766660048
 0.217438790182648
 0.14337338691018664
 0
 0
 0.038566649827395799
 0.071580011851882411
 0.099063913101947232
 0.12112469659466631
 0.1379817931828437
 0.14997127991158463
 0.15751712795459349
 0.161067464633876
 0.16099014144359552
 0.15740817141167804
 0.14992026077916126
 0.13706825380391671
 0.11521269535229478
 0.075969944432088904
 0
 0
 0
 0
 0
 0
 0
 0
 0
 0
 0
 0
 0
 0
 0
 0
 0


# name: flag
# type: scalar
0


# name: relres
# type: scalar
0


# name: iter
# type: scalar
0


# name: resvec
# type: scalar
0


# name: x
# type: matrix
# rows: 1
# columns: 16
 0 0.066666666666666666 0.13333333333333333 0.20000000000000001 0.26666666666666666 0.33333333333333331 0.40000000000000002 0.46666666666666667 0.53333333333333333 0.59999999999999998 0.66666666666666674 0.73333333333333339 0.80000000000000004 0.8666666666666667 0.93333333333333335 1


# name: y
# type: matrix
# rows: 1
# columns: 16
 0 0.066666666666666666 0.13333333333333333 0.20000000000000001 0.26666666666666666 0.33333333333333331 0.40000000000000002 0.46666666666666667 0.53333333333333333 0.59999999999999998 0.66666666666666674 0.73333333333333339 0.80000000000000004 0.8666666666666667 0.93333333333333335 1


# name: n
# type: scalar
16


# name: m
# type: scalar
16


# name: tempo
# type: scalar
0.028280019760131836


# name: diretorio
# type: sq_string
# elements: 1
# length: 6
Direto


