# Created by Octave 6.3.0, Thu Sep 23 16:45:33 2021 GMT <unknown@Rogerio-HP>
# name: u
# type: matrix
# rows: 2500
# columns: 1
 0.028525157293189274
 0.042924816869146079
 0.051899050869321055
 0.058367074344865738
 0.063499698040637306
 0.067836896844644945
 0.071659624274911835
 0.075128816797530459
 0.078343697400496848
 0.081368936828867214
 0.084248502852073456
 0.08701327193432673
 0.089685477140359932
 0.092281440068319731
 0.094813317876460051
 0.097290257069825567
 0.099719174656730178
 0.10210529629595445
 0.10445253033004545
 0.10676372712158103
 0.10904085531681183
 0.11128511552440122
 0.11349700465803519
 0.11567633927781387
 0.11782224274247062
 0.11993309827000945
 0.12200646770942014
 0.12403897366328182
 0.12602614032472484
 0.12796218575314969
 0.12983975501433473
 0.13164957925330781
 0.1333800397733326
 0.13501660767558504
 0.13654111716416764
 0.13793081193068032
 0.13915707519105316
 0.14018370811035002
 0.1409645460997325
 0.141440074345207
 0.14153247656262463
 0.14113812787290059
 0.14011571091620514
 0.13826639170662361
 0.13529856283038433
 0.1307600343676634
 0.12389470144361836
 0.11330430468412017
 0.096047533901932297
 0.064926926227102638
 0.042809470844201065
 0.052520034367845948
 0.062248206444267783
 0.071096235524580303
 0.079093655222844353
 0.086399946308564957
 0.093153617970906821
 0.099456002265117985
 0.10537892088861725
 0.11097360867837636
 0.11627732487377207
 0.12131782242633225
 0.12611631773373835
 0.13068947530002001
 0.13505075005102557
 0.13921130515302149
 0.1431806429566356
 0.14696703675909981
 0.15057782001027484
 0.15401956999267155
 0.15729821037742975
 0.16041904868316731
 0.16338675889486529
 0.16620531531429886
 0.16887788045818888
 0.17140664705510056
 0.17379263159695391
 0.17603541421510796
 0.1781328166298333
 0.18008050630078207
 0.18187151036198818
 0.18349561703036368
 0.18493863433348617
 0.1861814653425399
 0.18719894432378495
 0.18795835735632244
 0.1884175409111889
 0.18852240771382409
 0.18820368291100345
 0.18737253197619677
 0.18591460331691967
 0.18368175892816874
 0.18048037798760108
 0.17605455718365551
 0.17006194784788459
 0.16204052355936016
 0.15137220145210115
 0.13729168807700043
 0.1191933887068098
 0.098442729176790741
 0.051467460198519686
 0.061949929093140586
 0.073145289969152788
 0.084168203762241003
 0.094708933248803667
 0.10469604651055928
 0.11414017500805866
 0.12307421855153895
 0.1315329191795804
 0.13954696822052703
 0.14714210267983507
 0.15433972343677127
 0.16115783212595425
 0.1676119013466161
 0.17371557936432552
 0.17948122502604741
 0.18492029511993843
 0.19004360984222912
 0.19486151849918928
 0.19938398264064711
 0.20362058922953136
 0.2075805025783391
 0.21127236055750387
 0.21470411780727899
 0.21788283615275517
 0.22081441993148837
 0.22350329130581051
 0.22595199765669685
 0.2281607396349386
 0.23012680413304146
 0.23184388103156531
 0.23330123566941693
 0.23448270006205366
 0.23536543423823164
 0.23591839373774573
 0.23610041905719578
 0.23585783605350608
 0.23512142116710535
 0.23380254020032751
 0.23178821460022292
 0.22893481205190994
 0.22506002749118673
 0.21993290773742952
 0.21326214721316089
 0.20468451341171717
 0.19376019433111685
 0.17999581472597284
 0.16295245484551296
 0.14257701557084365
 0.11998030323849741
 0.057475762917096558
 0.070347713460242434
 0.083720305188143149
 0.097057091584023869
 0.11005181065444934
 0.12255912739709185
 0.13452108004781158
 0.14592188703397127
 0.15676454126211081
 0.16705966992347698
 0.17682054943509642
 0.18606103740776245
 0.19479483199157899
 0.20303530516969737
 0.21079555962919985
 0.21808854891122095
 0.22492718929981032
 0.23132443302607217
 0.23729329110929628
 0.2428468023573763
 0.24799794824126001
 0.25275951413187842
 0.25714389694132028
 0.26116285807662964
 0.26482721900406125
 0.26814649467895912
 0.27112845757547027
 0.27377862194488228
 0.27609963408508886
 0.27809054960814195
 0.27974597267933377
 0.28105502462919862
 0.28200009978627594
 0.2825553543368276
 0.28268485892426432
 0.28234032703101497
 0.28145830871188626
 0.2799567136711732
 0.27773050209068967
 0.27464636485286814
 0.27053622894593249
 0.26518952091763548
 0.25834441943731629
 0.24967908622459761
 0.23880561839880787
 0.2252731960434288
 0.20859386367929281
 0.1883137026962072
 0.16414884636983065
 0.13611907339656759
 0.062030721371175469
 0.077770473889099495
 0.093685953174590775
 0.1094750677766502
 0.12490927146678114
 0.13984454873331323
 0.15419977910746924
 0.16793366315017461
 0.18102823925927869
 0.19347873110113076
 0.20528774388118542
 0.21646209116071902
 0.22701111376075844
 0.23694581104659326
 0.2462783979542012
 0.2550220728647169
 0.26319087814032044
 0.27079958857920111
 0.27786359230720137
 0.28439874450466457
 0.29042118282226687
 0.29594709760518079
 0.30099245186347967
 0.30557264622293823
 0.3097021233367927
 0.31339390465172628
 0.31665905006372586
 0.31950602783546578
 0.32193997806659935
 0.32396184783853083
 0.32556736966230443
 0.32674584674997664
 0.3274786985634891
 0.327737707704648
 0.32748289417707277
 0.32665992526788656
 0.32519694921338121
 0.32300072015047737
 0.31995186502884326
 0.31589914001779196
 0.31065255485046706
 0.30397534808806659
 0.29557504591163281
 0.28509434526105931
 0.27210345893730081
 0.25609681038297705
 0.23649767317905507
 0.21267071057116452
 0.18392320880578678
 0.14941897398465528
 0.065688325094437783
 0.084396478063256467
 0.10298929177742898
 0.12129410903045007
 0.13915324523934974
 0.15644765868470031
 0.17309690573204281
 0.18905080374766797
 0.20428048834397097
 0.21877139683724667
 0.23251842979159609
 0.24552282991898072
 0.25779023974041915
 0.26932951049059628
 0.28015196612500737
 0.29027093003469828
 0.29970139348085711
 0.30845975084874694
 0.31656355556073035
 0.3240312680196204
 0.33088197741394537
 0.33713508522276686
 0.3428099414036902
 0.34792542547610378
 0.35249946455763587
 0.35654847915496235
 0.36008674526491741
 0.36312565810952158
 0.36567287852500624
 0.36773133749510245
 0.36929806734362952
 0.37036281940332644
 0.37090641723286177
 0.37089878131994547
 0.37029654538915957
 0.36904016580868354
 0.3670504044664355
 0.3642240430419254
 0.36042866563066334
 0.35549633269496395
 0.3492159717824091
 0.34132434291911917
 0.33149551139809147
 0.31932886584594222
 0.30433574627199839
 0.28592430151231646
 0.26338019223681736
 0.23583478799504759
 0.202198778498547
 0.16101661571107567
 0.068741389277164541
 0.090377434751886074
 0.11165469879541587
 0.13247002367467814
 0.15271609204933176
 0.1723008701951427
 0.19115397311795759
 0.20922573290098964
 0.22648353150878811
 0.2429078280656839
 0.25848882913579158
 0.27322399555716081
 0.28711627970908205
 0.3001729101716526
 0.31240455246705384
 0.32382471163685339
 0.3344492796788805
 0.34429616068952329
 0.3533849281713915
 0.36173648377715861
 0.36937269648781013
 0.37631600730381715
 0.38258898800355085
 0.38821384409271187
 0.39321185216701415
 0.39760272078206144
 0.40140386167438064
 0.40462955480565743
 0.40728998612232337
 0.40939013097254112
 0.41092844856713856
 0.41189534340219208
 0.41227133779907471
 0.41202488521794478
 0.41110973627083186
 0.40946174789730327
 0.40699500050874426
 0.40359705768939397
 0.3991231679420113
 0.39338916727486051
 0.38616279246708196
 0.37715304839424696
 0.36599716139537192
 0.35224442180772242
 0.33533569991380024
 0.3145762433542576
 0.28909685977717747
 0.25779383650476595
 0.21923058123720079
 0.17147688589553114
 0.071360313179506488
 0.095824487982970552
 0.11972516198855813
 0.14299728238164436
 0.16556681494463607
 0.1873641413362358
 0.20833100522552639
 0.22842256843671482
 0.24760675279316163
 0.26586248694369741
 0.28317777068451938
 0.29954796009934004
 0.31497438951036527
 0.32946331245751947
 0.34302509600321579
 0.35567359566397355
 0.36742564741250183
 0.37830062651554258
 0.38832003547116312
 0.39750709333957385
 0.40588630611621307
 0.41348300277587302
 0.42032282462508164
 0.42643115698539091
