# Created by Octave 6.3.0, Mon Sep 27 12:00:42 2021 GMT <unknown@Rogerio-HP>
# name: u
# type: matrix
# rows: 400
# columns: 1
 0
 0
 0
 0
 0
 0
 0
 0
 0
 0
 0
 0
 0
 0
 0
 0
 0
 0
 0
 0
 0
 0.024856934096265118
 0.046952083732720667
 0.066295130353029669
 0.08291601658952534
 0.096874811736416391
 0.10826749083455491
 0.11722614675629082
 0.12391277218536291
 0.12850604874454424
 0.13118040923244065
 0.13207570286578432
 0.13125359638856152
 0.12863247320997701
 0.12388423114187691
 0.11626023127625031
 0.10428153727595398
 0.085162373275081082
 0.05369393616792624
 0
 0
 0.046951360861424124
 0.088685900293818523
 0.12522180720801282
 0.15661553742803572
 0.18298045378601094
 0.20449774316992428
 0.22141681496622198
 0.234043552481974
 0.24271535738105351
 0.2477616055659296
 0.24944636821832658
 0.24788610777211215
 0.24292681337817257
 0.23394926386073239
 0.2195406291442564
 0.19690997865622864
 0.16080011161046048
 0.10137966056985968
 0
 0
 0.066283234959831197
 0.12520137155220992
 0.17677995318845971
 0.22109854122131772
 0.25831703677492873
 0.2886910956529351
 0.31257269077598721
 0.33039352591978011
 0.34262980890143985
 0.34974644111503278
 0.35211619328632326
 0.34990359375761859
 0.34289162505097365
 0.33020706319033544
 0.30985727184998013
 0.277905609520255
 0.22693570822895759
 0.14307510146600108
 0
 0
 0.082852538467363609
 0.15649847230333158
 0.22096956037182652
 0.27636507688361489
 0.32288472136628049
 0.36084789198195427
 0.39069439158358321
 0.41296369972437424
 0.42825095174991151
 0.43713720533992773
 0.44008847065142787
 0.43731068179388083
 0.4285332557462822
 0.41266606080849283
 0.38722082195452284
 0.34728084330040132
 0.28358154534883384
 0.17878887335968521
 0
 0
 0.096659269019060495
 0.18257720639628922
 0.25779065731219286
 0.32241522700334257
 0.37668368513977157
 0.42096845856209059
 0.45578246169357728
 0.48175492432423789
 0.49958005521890803
 0.50993572932543585
 0.5133657691386978
 0.51011088066205179
 0.49985635374343212
 0.48133216964862263
 0.45163836665497992
 0.40504340930622335
 0.33074476194720775
 0.20852554757807296
 0
 0
 0.10770343300660309
 0.20343759350898805
 0.28724329121160075
 0.35924908863205363
 0.41971410618870308
 0.46905309565740028
 0.50783737622460678
 0.53676791614356523
 0.55661815962687966
 0.56814347722244818
 0.5719500912878378
 0.56830684880051874
 0.55686432549960474
 0.53620955617463129
 0.50311467632368634
 0.45119824662737168
 0.36842967260737414
 0.23228774659952173
 0
 0
 0.11598504184409698
 0.21907966208087701
 0.3093275187281298
 0.38686676399838033
 0.45197615645173905
 0.50510207661444917
 0.54685955014666277
 0.5780032815104621
 0.59936612242288956
 0.61176162623265107
 0.61584300662200087
 0.61190061262964679
 0.5995596879039603
 0.57730119280855852
 0.54165302484848243
 0.48574860774962814
 0.39663900469294872
 0.25007707246239241
 0
 0
 0.12150411022664638
 0.22950344617761304
 0.32404340231012646
 0.40526835771160385
 0.47347000169207581
 0.52911565303142016
 0.57284935170349405
 0.60546154244598283
 0.62782466229667588
 0.64079113812825561
 0.64504576458532903
 0.64089374170743652
 0.62794433383309423
 0.60460924550048201
 0.56725571990682544
 0.50869670984763937
 0.41537456078457147
 0.26189455920290977
 0
 0
 0.12426065598344291
 0.23470898552553254
 0.33139101111542585
 0.41445397966441461
 0.48419580788630834
 0.54109406657713544
 0.58580712217387776
 0.61914316772753608
 0.64199440623779647
 0.65523282903009616
 0.6595593965651988
 0.65528749572820189
 0.64201973908359833
 0.61813535357958782
 0.57992445699677764
 0.5200441364066547
 0.42463759687177183
 0.26774091468419814
 0
 0
 0.12425470179939999
 0.23469632934976509
 0.33137042769445196
 0.41442375564079814
 0.48415375720174059
 0.54103757217727566
 0.58573320857633715
 0.6190486180385073
 0.64187595089833593
 0.65508745185269623
 0.65938482553236955
 0.65508296839552216
 0.64178714704282935
 0.61788085798816617
 0.5796605843135535
 0.51979211454056518
 0.42442906573290351
 0.26761666814883067
 0
 0
 0.1214862801390106
 0.2294655468601981
 0.32398176508884113
 0.4051778525023999
 0.47334408316909116
 0.52894648548747047
 0.57262802616372521
 0.60517842660249654
 0.62746996484793482
 0.64035582390265777
 0.64452302260665728
 0.64028127569869953
 0.62724778901204747
 0.60384704904562447
 0.56646536499365063
 0.50794176724909812
 0.41474982308491432
 0.26152228909645703
 0
 0
 0.1159554450014975
 0.21901675205711899
 0.30922520671510606
 0.38671653591541855
 0.45176714971997484
 0.50482128732572673
 0.54649219280171024
 0.57753336828016633
 0.5987773969871355
 0.61103907840016514
 0.61497530368163711
 0.6108838963574853
 0.5984032618606816
 0.5760355668953091
 0.5403403758279034
 0.48449447497365628
 0.39560090839680012
 0.2494583435544854
 0
 0
 0.10766229985684508
 0.20335016261334188
 0.28710110086703511
 0.35904030681454313
 0.41942363751796685
 0.46866286910044747
 0.50732684361987634
 0.53611485376804491
 0.55579995972515572
 0.56713924352053591
 0.57074400626733435
 0.56689344017388721
 0.55525636927954025
 0.53444928039730955
 0.50128836865721416
 0.44945264478409702
 0.36698413443309208
 0.23142581916948068
 0
 0
 0.096607066404581554
 0.18246624498935468
 0.25761019409010405
 0.32215023927100167
 0.37631500664940215
 0.42047314417262871
 0.45513441737762134
 0.48092591808458385
 0.49854134480986889
 0.50866070481225234
 0.51183420575763661
 0.50831560508458384
 0.49781327555940547
 0.47909455069027507
 0.44931550394495112
 0.40282171954088197
 0.32890363822983615
 0.20742698525221853
 0
 0
 0.082790261891675612
 0.15636608947888703
 0.22075423637777314
 0.27604886043129745
 0.32244470754423421
 0.36025665628976311
 0.38992073676653904
 0.41197385084253041
 0.42701047888717369
 0.43561414833820178
 0.43825837983719129
 0.43516454519912079
 0.42608947737339081
 0.40998758670541019
 0.38443771200370219
 0.34461598824595407
 0.28137043369442921
 0.17746794714209693
 0
 0
 0.066213180458220541
 0.12505243093053281
 0.1765376348682286
 0.22074256704484302
 0.25782152526232699
 0.28802504829791514
 0.31170082391698073
 0.32927759664689915
 0.34123074640894546
 0.34802781706274438
 0.35004984113438653
 0.34747849057094199
 0.34012739667444059
 0.32717344741699761
 0.30670004513200944
 0.27487661058045149
 0.22441682176077779
 0.14156687159000902
 0
 0
 0.046879272796232836
 0.088532582675027047
 0.12497222818442306
 0.15624864062014654
 0.18246934709792575
 0.20381019618926402
 0.22051610170241062
 0.23288978613653705
 0.24126763347095354
 0.24598150296227456
 0.24730365284141007
 0.24536781938793253
 0.24005121779008096
 0.23078621334912602
 0.21623916193174852
 0.19373119338440895
 0.15814529384271078
 0.099782617998495041
 0
 0
 0.024798333517147813
 0.046827367991577301
 0.066091890427642394
 0.0826168343502066
 0.096457415113158529
 0.10770515567085419
 0.11648836554898752
 0.12296630102822619
 0.12731658431128373
 0.12971534284046063
 0.13030865119574209
 0.12917170896173535
 0.12624782062527204
 0.12125074541806574
 0.11349731160579982
 0.10160351333240822
 0.082906764355330356
 0.052323264942035805
 0
 0
 0
 0
 0
 0
 0
 0
 0
 0
 0
 0
 0
 0
 0
 0
 0
 0
 0
 0
 0


# name: flag
# type: scalar
0


# name: relres
# type: scalar
0


# name: iter
# type: scalar
0


# name: resvec
# type: scalar
0


# name: x
# type: matrix
# rows: 1
# columns: 20
 0 0.052631578947368418 0.10526315789473684 0.15789473684210525 0.21052631578947367 0.26315789473684209 0.31578947368421051 0.36842105263157893 0.42105263157894735 0.47368421052631576 0.52631578947368429 0.57894736842105265 0.63157894736842102 0.68421052631578949 0.73684210526315796 0.78947368421052633 0.84210526315789469 0.89473684210526316 0.94736842105263164 1


