# Created by Octave 6.3.0, Thu Sep 23 16:45:05 2021 GMT <unknown@Rogerio-HP>
# name: u
# type: matrix
# rows: 2500
# columns: 1
 0
 0
 0
 0
 0
 0
 0
 0
 0
 0
 0
 0
 0
 0
 0
 0
 0
 0
 0
 0
 0
 0
 0
 0
 0
 0
 0
 0
 0
 0
 0
 0
 0
 0
 0
 0
 0
 0
 0
 0
 0
 0
 0
 0
 0
 0
 0
 0
 0
 0
 0
 0.0039965609959990364
 0.0078265940030826219
 0.011490122633695705
 0.014987226309228545
 0.018318080218010711
 0.021482997394113405
 0.024482470422902379
 0.02731721089792833
 0.02998818513187165
 0.032496644893675299
 0.034844152155995407
 0.037032597014657248
 0.039064208095438403
 0.040941554897289879
 0.042667541635369809
 0.044245392239879382
 0.045678626233773126
 0.046971025248678078
 0.048126589937240734
 0.049149486993776165
 0.050043985894196591
 0.050814384799594992
 0.05146492482202817
 0.05199969150928363
 0.052422501946734923
 0.052736775271986176
 0.052945383617184961
 0.053050479489273397
 0.053053294310234117
 0.052953901188217425
 0.05275093287051115
 0.052441243098981703
 0.052019496057465871
 0.051477664011705233
 0.050804407247745959
 0.049984302540834059
 0.048996875986861227
 0.047815382214420464
 0.046405253542619845
 0.044722117859504924
 0.042709250500395819
 0.040294279885255885
 0.037384904449707067
 0.033863292840856395
 0.029578720989462945
 0.024337834970408274
 0.017891698074815783
 0.0099184563754328037
 0
 0
 0.0078265937665022729
 0.015327070018065991
 0.02250147486965522
 0.029349963713772066
 0.035872879477263614
 0.042070835029964289
 0.047944794861137369
 0.053496152351304879
 0.058726799707493629
 0.063639188157468884
 0.068236376413641706
 0.072522065765027427
 0.076500620456485036
 0.080177072276465075
 0.083557108498260785
 0.086647042501132962
 0.08945376652905894
 0.091984686115882758
 0.094247635703476287
 0.09625077488878564
 0.09800246453807529
 0.09951112168045724
 0.10078505161141986
 0.10183225496785152
 0.10266020663788578
 0.10327560218929113
 0.10368406597115608
 0.10388981307644139
 0.10389525483045885
 0.1037005342371097
 0.10330297366361277
 0.10269641169810141
 0.10187039920002484
 0.10080921557767117
 0.099490654588810512
 0.097884513542360163
 0.09595069941440823
 0.093636838342075521
 0.090875238824771581
 0.087579010417975389
 0.083637074111842125
 0.078907711442881889
 0.073210177521205844
 0.066313735559397444
 0.057923238597057378
 0.047660061274438524
 0.035036732222883823
 0.019422979951280634
 0
 0
 0.011490098023933182
 0.022501427463620681
 0.033034055837240478
 0.043088211074222234
 0.052664396408258332
 0.061763511365038902
 0.070386971674022206
 0.078536822712830898
 0.086215842180002625
 0.093427628466308907
 0.10017667180426297
 0.10646840578586307
 0.11230923728028604
 0.11770655316787793
 0.12266870263530358
 0.12720495404300056
 0.13132542556897722
 0.1350409889372875
 0.13836314553636189
 0.141303874099201
 0.14387544882744505
 0.14609022636246088
 0.14796039929996457
 0.14949771296231532
 0.15071314082414705
 0.15161651225539427
 0.15221608400130354
 0.15251804393128629
 0.15252593188553357
 0.15223995770208065
 0.1516561904133813
 0.15076558475324364
 0.14955280096487095
 0.14799476071020179
 0.1460588646492518
 0.14370077462470687
 0.14086163349193809
 0.13746455592497947
 0.13341017048273598
 0.12857092195216063
 0.12278374668501642
 0.11584060275994518
 0.10747615785673702
 0.097351691599275716
 0.085033928489649996
 0.069967043139952584
 0.051435414435612566
 0.028513766536078906
 0
 0
 0.014987073543697852
 0.029349665890766461
 0.043087864872078489
 0.056201967531887234
 0.068692629992969892
 0.080561025271556383
 0.091808999688126669
 0.10243922084157618
 0.11245531153247405
 0.12186196503140964
 0.13066503788332276
 0.13887161710448931
 0.14649005920492658
 0.15352999897068229
 0.16000232636898007
 0.16591913028653821
 0.17129360806300153
 0.17613993991749172
 0.1804731273622055
 0.18430879452333501
 0.18766295091138996
 0.19055171355846237
 0.19299098551838256
 0.19499608644446609
 0.19658132923995619
 0.19775953451783387
 0.19854147167934255
 0.19893521165426797
 0.1989453715164789
 0.19857222499797803
 0.19781064497710157
 0.19664883378044923
 0.1950667838997456
 0.19303439452081461
 0.19050914678716085
 0.18743321119995085
 0.18372982156360157
 0.17929869809131371
 0.17401023309271046
 0.16769805970305721
 0.16014949849213525
 0.15109320604378562
 0.14018311613322024
 0.126977442972427
 0.11091107145402729
 0.091259040055187673
 0.067087953673518261
 0.037190937566220071
 0
 0
 0.018317520154845918
 0.035871784960365513
 0.052662901477581958
 0.06869123245330265
 0.083957579492780404
 0.09846337594930861
 0.11221087809724103
 0.12520334599279337
 0.13744520716062777
 0.14894219747911111
 0.1597014746087333
 0.16973170012192398
 0.17904308719663523
 0.18764741134926349
 0.19555798220623608
 0.20278957473814319
 0.20935831868786814
 0.21528154509050954
 0.22057758877795533
 0.22526554554878395
 0.229364982222002
 0.2328955970298954
 0.23587682667899071
 0.23832739484229312
 0.24026479474441392
 0.24170469574110903
 0.24266026021717868
 0.24314135252374514
 0.24315361577356912
 0.24269738474769312
 0.24176639345354378
 0.24034622336458258
 0.23841242219212647
 0.23592820201364179
 0.23284159811350566
 0.22908193381184702
 0.22455538889926796
 0.21913940598875337
 0.21267558452337662
 0.20496059854752602
 0.19573452079242895
 0.1846657268983167
 0.17133126818098637
 0.15519120869862585
 0.135554878821882
 0.11153624023394017
 0.081994495273738754
 0.045454573986867267
 0
 0
 0.021481437730876383
 0.042067784423233723
 0.061759165292983219
 0.080556005385580984
 0.098459244391406353
 0.11547056285717569
 0.13159260638407094
 0.14682919773180969
 0.16118552878123241
 0.17466832575630384
 0.18728598224591372
 0.19904865552021478
 0.2099683224620161
 0.22005879215290156
 0.2293356727679883
 0.23781629093116319
 0.24551956204337139
 0.25246581029165344
 0.25867653704089799
 0.26417413606151591
 0.26898155350433056
 0.27312188963902201
 0.27661793805177021
 0.2794916561616087
 0.28176355845063883
 0.28345202056665608
 0.28457247826150539
 0.28513649973083577
 0.2851507029994757
 0.28461548112500007
 0.28352348660170895
 0.28185781167694335
 0.2795897823181332
 0.27667625891130648
 0.27305630455915902
 0.26864703953395702
 0.26333844454941574
 0.25698680127086376
 0.24940635929503543
 0.2403586855591763
 0.22953897203426893
 0.2165583327330205
 0.20092078627720614
 0.18199315967468083
 0.15896551132205236
 0.13079878286811872
 0.09615514368168869
 0.053304732537243334
 0
 0
 0.024478826181626601
 0.047937664103270057
 0.070376656067060825
 0.091796286020465315
 0.11219762434952202
 0.13158258565906691
 0.14995418425867643
 0.16731677586648722
 0.18367627636036399
 0.19904035005643791
 0.21341856129360792
 0.22682248419017184
 0.23926576637980035
 0.2507641433536022
 0.26133540073502126
 0.27099928238174853
 0.27977734261995069
 0.28769274113852478
 0.29476997906462638
 0.30103457445832588
 0.30651267484682293
 0.31123060339892283
 0.31521433383565184
 0.31848888708070949
 0.32107763984643639
 0.32300153166299528
 0.3242781520781291
 0.32492068360438164
 0.32493666810380678
 0.32432655419104833
 0.32308197025640317
 0.32118365099357199
 0.31859892369611437
 0.31527863248842702
 0.31115334194926131
 0.30612861336760683
 0.30007908317815662
 0.29284098851375473
 0.28420267177470043
 0.27389244423097309
 0.26156298341081879
 0.24677115999985119
 0.22895180840523779
 0.2073834301694156
 0.18114309265177544
 0.14904677282913525
 0.10956997602947
 0.060741454469961369
 0
 0
 0.027309685446425602
 0.053481423883461429
 0.078515373636717817
 0.10241207416541517
 0.1251727191686039
 0.14679944418111557
 0.16729561160992423
 0.18666608039410512
 0.20491745005709891
 0.22205827076155954
 0.23809921242589807
 0.25305318717504682
 0.26693542044789537
 0.27976346699820615
 0.29155716880680793
 0.30233855255598052
 0.31213166477566368
 0.32096234301931648
 0.32885792142012099
 0.3358468686621473
 0.34195835571237476
 0.34722174952193707
 0.35166602722624907
 0.35531910303971781
 0.35820705690818455
