# Created by Octave 6.3.0, Thu Sep 23 16:45:45 2021 GMT <unknown@Rogerio-HP>
# name: u
# type: matrix
# rows: 2500
# columns: 1
 0.0043465031547055286
 0.0065749038708782593
 0.0079892816394443854
 0.0090230012629131055
 0.0098467566245544515
 0.010536889705179834
 0.011131245532576991
 0.011649986974932294
 0.01210429311881147
 0.01250039533354364
 0.01284162667263355
 0.013129543469426946
 0.013364577978224663
 0.013546437638585677
 0.013674359602655117
 0.01374727868324133
 0.013763941536291234
 0.013722986484019546
 0.013623000975552258
 0.013462564441451648
 0.013240281810417052
 0.012954811481029133
 0.012604890679064482
 0.012189360661157236
 0.011707194026810449
 0.011157526409239211
 0.010539695004415513
 0.0098532867668410483
 0.0090981996729437402
 0.0082747212757145871
 0.0073836299241186324
 0.0064263256152862205
 0.0054049996627239675
 0.0043228554649681322
 0.003184397050019193
 0.0019958083768954814
 0.00076545558549410769
 -0.0004954418990765993
 -0.0017719046168806006
 -0.0030439512614064139
 -0.004284869901699042
 -0.0054587629900087666
 -0.0065169757534233345
 -0.0073927438246553529
 -0.0079928732689302489
 -0.0081842047748180054
 -0.0077702999878866107
 -0.0064483211132169826
 -0.0037219606686212051
 0.0012937363198606971
 0.0065787639551120715
 0.011476423054995424
 0.016225049811556522
 0.020690898215910046
 0.024876336330864848
 0.028802261031061736
 0.032486228117301341
 0.035940336390371225
 0.039172520437100629
 0.042187962183040835
 0.044990124458951369
 0.047581447083104349
 0.049963807705744927
 0.052138826901828916
 0.054108069811574039
 0.05587317735725425
 0.057435947863074335
 0.058798382405545267
 0.059962702615942776
 0.060931346792858727
 0.061706948365088998
 0.062292299555679734
 0.062690302284474891
 0.062903907753600052
 0.062936045689975226
 0.062789543807429238
 0.062467037655284878
 0.061970870610177649
 0.061302983321413769
 0.060464791421507257
 0.059457049752717935
 0.058279700735495703
 0.05693170382711437
 0.055410842323820299
 0.0537135031265948
 0.05183442467763854
 0.049766408384053995
 0.047499990038001677
 0.045023071046477486
 0.042320516567516356
 0.039373742296667194
 0.036160339751442235
 0.03265384229336947
 0.028823829400424789
 0.024636733813559065
 0.020057986843182295
 0.015056479767591372
 0.0096122965070176165
 0.0037258563148780651
 -0.0025905511618898557
 0.007988650545001157
 0.016223189183486923
 0.024276029203537875
 0.032015096321940099
 0.039392721831354359
 0.046396050309146321
 0.053024243262265444
 0.059279886781689939
 0.065166153751596054
 0.070686062757751023
 0.075842437293759959
 0.080638062560503293
 0.085075867832491991
 0.089159080625335438
 0.092891339755235211
 0.096276767569898669
 0.099320005165767888
 0.10202621474718376
 0.10440105269827984
 0.10645061618304359
 0.1081813653767522
 0.10960002278937096
 0.11071345053542965
 0.11152850578695649
 0.11205187396594231
 0.1122898784405275
 0.11224826453307074
 0.11193195447181203
 0.11134476845485898
 0.11048910516489574
 0.10936557277347467
 0.10797255857415994
 0.10630572171415134
 0.10435738883184219
 0.10211582646003657
 0.099564356432326376
 0.096680270710390911
 0.093433489313096724
 0.089784888343538954
 0.085684202901857104
 0.081067379292898714
 0.07585320739916665
 0.06993899682458031
 0.063194944740101872
 0.055456617292927404
 0.046514466450367553
 0.036098085132830124
 0.023849735666466209
 0.0092731919668988527
 -0.0083787730914783951
 0.0090185865493173211
 0.020686603498159574
 0.032012988949925131
 0.042916853482708316
 0.053350937677544473
 0.063291599101906931
 0.07272817650090195
 0.0816565283285485
 0.090075758018678675
 0.097986716345496022
 0.10539138078471567
 0.1122926369570019
 0.11869422999182197
 0.12460077621922104
 0.13001778441643366
 0.13495166347450463
 0.1394097062317583
 0.14340004518976257
 0.14693157854460492
 0.1500138661237353
 0.15265699519100095
 0.1548714160163738
 0.15666774674651604
 0.1580565465036585
 0.15904805477813452
 0.15965189402858693
 0.15987673090424803
 0.15972988957338183
 0.15921690817066433
 0.15834102621726415
 0.1571025868247341
 0.15549833230400797
 0.15352056510637438
 0.15115613733483776
 0.14838522070385307
 0.14517979384043095
 0.14150176384638638
 0.1373006120805797
 0.13251041714849213
 0.12704605635729582
 0.12079831260943538
 0.11362750339742125
 0.10535507773561018
 0.09575234882639902
 0.084525052612639096
 0.071291558710164543
 0.055550938252927666
 0.0366340173535473
 0.013624974245488967
 -0.01476731959528145
 0.0098437691966978616
 0.024873831904593306
 0.039392278992361411
 0.053352308345881658
 0.06671789800448498
 0.079465588031118917
 0.091581477272532449
 0.10305801198946729
 0.113891733742762
 0.12408193865831163
 0.13362995149032361
 0.14253875943341976
 0.15081283722506353
 0.1584580630700676
 0.16548166821182086
 0.17189218832065428
 0.17769939915664021
 0.18291422687521586
 0.18754862766543301
 0.1916154337007473
 0.19512816348214068
 0.19810079500244565
 0.20054749997604424
 0.20248233675158805
 0.20391889847469533
 0.20486991156098211
 0.20534677750606636
 0.20535904838834326
 0.20491382295745619
 0.20401504573438645
 0.20266268578941471
 0.20085176441856831
 0.19857119126837094
 0.19580235581756603
 0.19251740447264867
 0.18867711140114912
 0.18422822150346727
 0.17910010353126465
 0.17320049570862286
 0.16641004830110739
 0.15857525646071652
 0.1494992148068863
 0.1389293838729774
 0.12654119021703891
 0.11191570852416717
 0.094508772627686977
 0.073607464612777618
 0.048267897552674868
 0.017225778679527286
 -0.021229816740654321
 0.010543844208585437
 0.028809393077879872
 0.046404523178453276
 0.06330102247175616
 0.079473042757081183
 0.094900725041115741
 0.10957036723142081
 0.12347338217290492
 0.13660516159332731
 0.14896420751821585
 0.16055156095692272
 0.17137045545507198
 0.1814261133223059
 0.19072561969164603
 0.19927782951121104
 0.20709327823468254
 0.21418407775955736
 0.22056378612521102
 0.22624724379654249
 0.23125037190573264
 0.23558992918187074
 0.23928322481219613
 0.24234778433816595
 0.24480096497845591
 0.24665951550128479
 0.24793907389755257
 0.24865359354353697
 0.24881468514666813
 0.24843085734045939
 0.24750663305968312
 0.2460415114080792
 0.24402873511410808
 0.24145381115006256
 0.23829271569237576
 0.23450969297130669
 0.23005452879423782
 0.22485914093076939
 0.21883327625031221
 0.21185903288936239
 0.20378382655704513
 0.19441128116206963
 0.18348932711238936
 0.17069450904662897
 0.15561109961246375
 0.13770303456111646
 0.11627586583919121
 0.090424833660179921
 0.058963858918978693
 0.020329159535328281
 -0.027548588600650754
 0.011159529224310504
 0.032513699823593027
 0.053051609840183936
 0.072754857534518755
 0.091604748266256142
 0.10958529592968926
 0.12668433697329343
 0.14289358484716486
 0.1582082797126651
 0.17262677901734094
 0.18615021986303656
 0.19878227549289618
 0.21052898591449526
 0.22139863261162199
 0.23140162990586791
 0.24055041161421539
 0.24885929758289463
 0.25634432936519774
 0.2630230676412087
 0.26891434613958826
 0.27403797803758817
 0.27841441125485389
 0.28206432882032806
 0.28500818961768798
 0.2872657032865496
 0.28885523080759662
 0.28979309921288887
 0.29009281476396181
 0.2897641535860036
 0.2888121018015537
 0.28723560821534316
 0.28502610094102215
 0.28216570418038772
 0.27862507149922405
 0.27436072578021814
 0.26931176133653528
 0.26339571731679745
 0.2565033691380138
 0.24849210006174172
 0.23917739943825739
 0.22832187526041817
 0.21562094930297368
 0.20068409987433072
 0.18301009978505833
 0.16195413022262781
 0.13668390299269703
 0.10612098812332224
 0.068862485005999466
 0.023077181670450104
 -0.033630295644264924
 0.011713651908386774
 0.036001200765141975
 0.059338159642441088
 0.081711385758880137
 0.10310684868544281
 0.12351175668045866
 0.14291576870750131
 0.16131150085912996
 0.17869463139184225
 0.19506383037513689
 0.2104206388335155
 0.22476934960481629
 0.23811690162282026
 0.25047278099983095
 0.26184891626464918
