# Created by Octave 6.3.0, Mon Sep 27 14:53:37 2021 GMT <unknown@LAPTOP-7NASCU26>
# name: u
# type: matrix
# rows: 1024
# columns: 1
 0
 0
 0
 0
 0
 0
 0
 0
 0
 0
 0
 0
 0
 0
 0
 0
 0
 0
 0
 0
 0
 0
 0
 0
 0
 0
 0
 0
 0
 0
 0
 0
 0
 0.0097446898403201285
 0.018839709742059261
 0.027285500709287064
 0.035083503392196881
 0.042236800174112833
 0.048750715697773783
 0.054633317357072428
 0.059895773216107187
 0.064552536019385279
 0.068621330718361725
 0.072122929733794458
 0.075080704723866007
 0.077519945181336022
 0.07946693171509546
 0.080947743975192638
 0.08198676798960082
 0.082604842591458186
 0.082816945844660469
 0.082629264246490017
 0.082035401263176835
 0.081011353766605745
 0.079508693532119798
 0.077445101478690798
 0.074690958791767792
 0.071050010024611199
 0.066231027658848321
 0.059805672717895608
 0.05114493355158313
 0.03932189900576423
 0.022960901983136061
 0
 0
 0.018839687981903972
 0.036423343213905807
 0.052751815073961109
 0.067827885287657722
 0.081657509459181835
 0.094250978189972953
 0.10562388474588508
 0.1157978170501395
 0.12480071343303079
 0.1326668384919239
 0.13943634853637929
 0.14515442493196737
 0.14986995664220765
 0.15363374851526346
 0.15649621659809049
 0.15850450240316236
 0.15969888956737058
 0.16010833141242467
 0.15974478556976335
 0.15859588519155274
 0.15661522891248725
 0.15370920179967734
 0.14971868005371164
 0.14439311495958251
 0.1373531597200667
 0.12803590412786139
 0.11561342743858503
 0.098869939308359397
 0.076013823050743848
 0.044385924914977226
 0
 0
 0.027284992097326481
 0.05275089596548433
 0.076398937241544285
 0.098233139754912435
 0.11826212375713707
 0.13650078764465498
 0.15297170946141822
 0.16770614912846327
 0.18074456371558559
 0.19213657252896577
 0.20194032770238809
 0.2102212589991363
 0.21705016571252239
 0.22250062176456728
 0.22664563796833953
 0.2295534829189308
 0.23128249379758714
 0.23187459989020257
 0.23134711895373192
 0.22968214528192074
 0.22681249017103328
 0.22260259985184228
 0.21682206582642616
 0.20910810111878853
 0.19891142701433309
 0.1854169748619654
 0.16742594711082295
 0.14317789636819017
 0.11007849448623375
 0.064276938735307376
 0
 0
 0.035080601277910906
 0.067822366475425069
 0.09822686578691732
 0.12629926664044269
 0.1520506458290472
 0.17550015180104508
 0.19667680661438627
 0.21562079454486782
 0.23238412473156608
 0.24703058657358093
 0.25963494036699375
 0.27028130355675084
 0.27906069742197037
 0.28606771085508892
 0.29139620919544673
 0.29513396148261906
 0.29735596935399999
 0.29811614137040632
 0.29743674743322934
 0.29529477778167035
 0.29160387065071491
 0.2861897840813919
 0.27875634583976122
 0.26883721921948939
 0.25572634206367612
 0.23837598659375053
 0.21524513553899027
 0.18407072464862878
 0.14151758875081288
 0.082634983925550964
 0
 0
 0.042226515716124617
 0.081637755460849601
 0.11823560265490983
 0.15202627022830087
 0.18302308383000446
 0.21124908460371411
 0.23673919812342253
 0.25954178540219691
 0.27971944082841105
 0.29734893964109771
 0.31252026288810092
 0.32533465555655833
 0.33590167327213105
 0.34433516671981551
 0.35074811673059908
 0.35524616760959382
 0.35791959803312695
 0.35883330099198213
 0.35801409249952015
 0.35543429543311877
 0.350989990725319
 0.3444714992980536
 0.3355224043950718
 0.32358150240716294
 0.30779908390993521
 0.28691423889696061
 0.25907235117293964
 0.22154972804146839
 0.17033218113949591
 0.09946069033176369
 0
 0
 0.048722736464859431
 0.094197065385565978
 0.13642515243763581
 0.17541415835771754
 0.21117945041028907
 0.24374760554280123
 0.27315891268334686
 0.29946916170864324
 0.32275056420569753
 0.34309169809789219
 0.36059637742260398
 0.37538141538209535
 0.38757321487000079
 0.39730313597324002
 0.40470153710187828
 0.40989031392895503
 0.41297363604391618
 0.41402638724940877
 0.41307952472937298
 0.41010114149439375
 0.40497137713309445
 0.39744836556159147
 0.38712096172604715
 0.37334177167120786
 0.35513056373894686
 0.33103270493832909
 0.29890857589810466
 0.25561581315907017
 0.19652298997627218
 0.11475446400839841
 0
 0
 0.054569265255181
 0.10550030009707247
 0.15279552184898512
 0.19646294177950605
 0.23651976205736425
 0.27299573928120213
 0.30593598648860343
 0.33540297434393662
 0.3614775575800076
 0.3842589396723623
 0.40386337605472294
 0.42042169146998848
 0.43407544893091748
 0.44497176611817835
 0.45325664241064223
 0.45906660228620966
 0.46251832116159353
 0.46369568073651168
 0.46263337480171862
 0.4592957039770158
 0.45354848182989249
 0.44512090372027696
 0.43355260920790056
 0.41811868478337338
 0.39772149252669237
 0.3707321227842994
 0.33475453233706992
 0.28626962703769931
 0.22009051321524062
 0.12851658002780597
 0
 0
 0.059766104349855971
 0.11554746453859645
 0.16734671930381834
 0.21517263358830413
 0.25904403831000899
 0.29899351470470392
 0.33507046369166693
 0.36734329341845795
 0.39590049681971701
 0.42085076139753475
 0.44232136670666905
 0.46045560725280216
 0.47540851455819461
 0.4873412124329044
 0.49641360696298059
 0.50277523070173735
 0.50655388067038343
 0.50784144369084816
 0.5066759452628522
 0.50301833036810406
 0.49672170067278015
 0.48748955948351036
 0.4748178407727332
 0.45791277748939874
 0.4355724345593337
 0.40601306298466777
 0.36661076459816888
 0.31351164475030685
 0.24103510845236004
 0.14074723277009266
 0
 0
 0.064313256409828601
 0.12433856449826838
 0.18007875457716468
 0.23154324874622551
 0.27875230067278406
 0.32174096152097409
 0.36056238969766707
 0.39529023855749473
 0.42601946180675271
 0.45286730095064986
 0.47597047837183842
 0.49548331229187059
 0.51157257471281548
 0.52441164737731827
 0.53417261530386628
 0.54101640139577933
 0.54508054047619448
 0.54646393092468715
 0.5452075237704902
 0.54126934361161438
 0.5344913926621655
 0.52455472669816505
 0.51091708130559155
 0.4927244983139577
 0.46868384977059768
 0.43687597867838968
 0.39447769438969704
 0.3373422264844691
 0.25935704192783393
 0.15144656517772279
 0
 0
 0.068210724337735992
 0.13187360633804948
 0.19099163856210979
 0.24557480416565475
 0.29564457289078222
 0.34123810463824394
 0.38241175159036378
 0.41924356391522105
 0.45183443542622514
 0.48030846119233978
 0.5048108417147148
 0.52550500576498982
 0.54256783644627093
 0.55618327316074512
 0.56653387126673482
 0.57379032977869726
 0.57809853586620896
 0.57956340314469545
 0.57822839919511881
 0.57404906091860808
 0.56685790133366576
 0.55631677137414615
 0.54185071364611836
 0.52255423907005338
 0.49705612814876665
 0.46332124361016397
 0.41835566101991245
 0.35776165599347204
 0.27505651995629643
 0.16061468684472877
 0
 0
 0.071458511024461824
 0.13815259650532613
 0.20008538279121685
 0.25726731961600863
 0.30972088954629878
 0.35748500783817755
 0.4006186785930102
 0.43920359965214439
 0.47334563049492601
 0.50317462773954713
 0.52884272216769745
 0.55052102943194092
 0.56839458852246216
 0.58265633466667488
 0.59349760535192475
 0.60109725361901845
 0.60560812465978731
 0.6071401444878135
 0.6057388831452275
 0.60135781834330959
 0.59382158121937367
 0.58277605912683417
 0.5676191066436358
 0.54740236360160621
 0.52068961932440005
 0.48534918232694663
 0.43824495111810358
 0.37477016763921078
 0.28813371009792876
 0.16825168585119746
 0
 0
 0.074056618919507017
 0.14317554044526185
 0.20735999708954339
 0.26662081277248051
 0.32098128551283989
 0.37048174782380877
 0.41518333490814147
 0.45517049958385331
 0.4905532365189928
 0.52146601140161597
 0.54806652728439886
 0.57053205363510962
 0.5890532283018457
 0.60383111216255225
 0.61506407262328588
 0.62293744114126726
 0.62760960448750491
 0.62919448779607612
 0.62773934174270696
 0.62319600659972851
 0.61538283460482102
 0.60393299042117166
 0.5882226477449225
 0.56726923766748649
 0.53958466018102302
 0.50296009580287404
 0.45414582198077019
 0.38836796640819649
 0.29858875616948238
 0.17435763693324097
 0
 0
 0.076005049574708883
 0.14694244129968281
 0.21281548612091414
 0.2736352897547471
 0.32942577149944169
