# Created by Octave 6.3.0, Mon Sep 27 14:53:35 2021 GMT <unknown@LAPTOP-7NASCU26>
# name: u
# type: matrix
# rows: 16
# columns: 1
 0
 0
 0
 0
 0
 0.48592157700662447
 0.51687028359089249
 0
 0
 0.46405687337289125
 0.45767190517496209
 0
 0
 0
 0
 0


# name: flag
# type: scalar
0


# name: relres
# type: scalar
0


# name: iter
# type: scalar
0


# name: resvec
# type: scalar
0


# name: x
# type: matrix
# rows: 1
# columns: 4
 0 0.33333333333333331 0.66666666666666674 1


# name: y
# type: matrix
# rows: 1
# columns: 4
 0 0.33333333333333331 0.66666666666666674 1


# name: n
# type: scalar
4


# name: m
# type: scalar
4


# name: tempo
# type: scalar
0.0085768699645996094


# name: diretorio
# type: sq_string
# elements: 1
# length: 6
Direto


