# Created by Octave 6.3.0, Sat Sep 25 13:05:39 2021 GMT <unknown@Rogerio-HP>
# name: u
# type: matrix
# rows: 1071
# columns: 1
 100
 -125270.45246462044
 -250560.25803797698
 -375679.08005813981
 -500515.5645641904
 -624922.40587385942
 -748695.14879423776
 -871541.03029413929
 -993032.95556447993
 -1112543.0833817739
 -1229152.5971139623
 -1341543.8896639838
 -1447907.0577931455
 -1545942.6513744674
 -1633105.6326269286
 -1707232.7519911693
 -1767450.7494844319
 -1814723.0198911258
 -1851310.8795800414
 -1879873.9414815044
 -1902852.6206499566
 -1922236.0255612745
 -1939573.5930425816
 -1956085.6355936525
 -1972789.5685017097
 -1990604.589623767
 -2010412.1457001006
 -2033029.2729850293
 -2058975.3413270344
 -2087716.9544521242
 -2115666.9351367927
 -2131808.8995422395
 -2111962.3802639972
 -2027495.0142776216
 -1907081.5141478423
 -1774949.2803719339
 -1642171.4712636576
 -1512408.6249468392
 -1386293.4351284248
 -1263445.363112268
 -1143246.031937673
 -1025103.0407987293
 -908522.27032034926
 -793113.62496163475
 -678576.52103626681
 -564681.54759736941
 -451253.63534901541
 -338158.03741648881
 -225289.02899249445
 -112560.80817383481
 100
 100
 -125290.61418743644
 -250603.00392627539
 -375749.66443666792
 -500622.97536328598
 -625080.9304711821
 -748926.86414935708
 -871879.51935152942
 -993528.40492774174
 -1113268.2369030502
 -1230207.1524095042
 -1343050.9207691988
 -1449988.9514301056
 -1548660.8044566829
 -1636364.5980989835
 -1710710.032458914
 -1770687.1812560742
 -1817394.1225705706
 -1853317.0790269047
 -1881270.0371647577
 -1903751.4392142405
 -1922747.4849187774
 -1939779.9742751406
 -1956037.6630044063
 -1972511.7964482096
 -1990106.455885198
 -2009709.7528979522
 -2032197.0377207601
 -2058276.4551312642
 -2087914.8625622296
 -2118618.9392065983
 -2140806.0204631621
 -2128117.5919410312
 -2036481.5478134723
 -1910011.1975593746
 -1775110.6742050261
 -1641417.7305657931
 -1511496.7108222384
 -1385476.6556778604
 -1262783.1779018776
 -1142731.9469287603
 -1024712.4856335884
 -908229.23904043285
 -792895.73960329813
 -678415.98841464927
 -564564.78229973349
 -451170.55677005864
 -338101.39003935573
 -225253.83209116076
 -112543.95501262859
 100
 100
 -125330.3320224018
 -250687.18212168539
 -375888.58621113957
 -500834.22511706199
 -625392.46042593499
 -749381.89912347717
 -872543.95081540965
 -994501.11769122968
 -1114693.61954154
 -1232285.4944917359
 -1346034.3862991105
 -1454137.3894756474
 -1554120.9723849671
 -1642963.1533916313
 -1717779.3843173513
 -1777241.1648983825
 -1822761.2214645562
 -1857315.7780533882
 -1884034.0218701037
 -1905521.5968647611
 -1923749.833363323
 -1940180.0556644737
 -1955935.5792365256
 -1971953.8928964131
 -1989106.1627526875
 -2008286.3631432899
 -2030466.7693095668
 -2056687.8214303788
 -2087846.3533689843
 -2123700.1921233553
 -2158522.018828758
 -2164009.7075194228
 -2054176.6578809577
 -1915048.4242459694
 -1774970.1731093398
 -1639721.0088940088
 -1509609.5555478432
 -1383828.2318851969
 -1261460.4309907712
 -1141709.9195003612
 -1023937.8767929431
 -907648.77097151149
 -792464.41718283994
 -678098.31952459854
 -564333.77185578749
 -451006.21349135885
 -337989.34046659572
 -225184.21497241131
 -112510.62133494648
 100
 100
 -125388.42033814674
 -250810.22181955277
 -376091.44928149431
 -501142.32577010029
 -625846.18953352026
 -750043.78084899939
 -873509.60348331777
 -995914.9967110951
 -1116769.1589050582
 -1235324.5823596728
 -1350429.3239867312
 -1460315.6825879933
 -1562366.4907889154
 -1653068.1962045147
 -1728687.3487619602
 -1787280.5795444052
 -1830869.6953528768
 -1863273.555272901
 -1888105.6737809642
 -1908106.5891393055
 -1925201.6853572214
 -1940748.8117360815
 -1955767.7979466862
 -1971112.5002955196
 -1987598.8869865946
 -2006112.9219447086
 -2027726.339409739
 -2053864.8177750446
 -2086604.0174717971
 -2129039.4480523542
 -2183571.5516980388
 -2228732.0076800967
 -2079195.563947574
 -1920323.1553079747
 -1773622.4002833285
 -1636739.8595049335
 -1506639.8678525684
 -1381326.4274004784
 -1259483.3617286608
 -1140193.2748762143
 -1022792.5337308013
 -906792.11489439977
 -791828.53072977392
 -677630.26313719014
 -563993.51408574579
 -450764.19887774263
 -337824.35401119094
 -225081.71488948195
 -112461.54458163479
 100
 100
 -125463.16336807686
 -250968.40502228623
 -376351.90009518294
 -501537.17960443499
 -626426.48675309063
 -750888.60474481178
 -874740.36350286112
 -997716.68348941393
 -1119419.3829534133
 -1239226.3406844989
 -1356128.8574308008
 -1468452.8633004243
 -1573449.2848891937
 -1666943.8772319364
 -1743851.7936503186
 -1801071.0229339206
 -1841774.4832133092
 -1871124.2678454039
 -1893385.1264792548
 -1911418.0361989569
 -1927040.5298108833
 -1941449.6028497529
 -1955518.5876222891
 -1969985.6866090654
 -1985584.6991537418
 -2003164.6351193977
 -2023854.644284843
 -2049391.6337868485
 -2082937.6238536581
 -2131354.5357150706
 -2210963.9964832268
 -2342128.5327694151
 -2106548.4612409589
 -1922554.9729662417
 -1769820.0738957541
 -1632063.0728343502
 -1502473.542357225
 -1377957.0292206916
 -1256868.0477617071
 -1138204.293825309
 -1021297.1100914064
 -905676.25014934433
 -791001.31513369747
 -677021.82711449696
 -563551.39785484353
 -450449.81667876366
 -337610.06611957552
 -224948.59760308714
 -112397.81139676999
 100
 100
 -125552.38682647383
 -251157.0248703479
 -376661.90479978267
 -502006.02652891888
 -627113.58126189478
 -751886.01844904164
 -876189.98321527848
 -999836.77539837116
 -1122543.5424349969
 -1243854.2092555203
 -1362973.0185940398
 -1478421.9400830683
 -1587407.5363009779
 -1684966.2272404481
 -1763938.4103223721
 -1818990.4085744892
 -1855517.6899855651
 -1880747.2119174681
 -1899721.5664060828
 -1915332.0872855519
 -1929182.7294078094
 -1942235.4160300072
 -1955169.8487443321
 -1968575.8945331364
 -1983075.2804656436
 -1999438.8299941393
 -2018771.2040758068
 -2042916.1996574518
 -2075553.4997868687
 -2125871.4861511011
 -2225467.6723889071
 -2547211.2098123948
 -2121004.7127209096
 -1916972.1433234515
 -1762273.2730059084
 -1625344.4185176971
 -1497038.9625267328
 -1373730.7481215175
 -1253646.4269141073
 -1135776.1702237795
 -1019480.1055040511
 -904323.90417268523
 -790000.23778850923
 -676286.12640191719
 -563017.0696030478
 -450069.97682556178
 -337351.2077172852
 -224787.80973914947
 -112320.83450951839
 100
 100
 -125653.54748052072
 -251370.58424701932
 -377012.0990544571
 -502534.01520244271
 -627884.45515715587
 -753000.55025849876
 -877803.896073482
 -1002191.8735939451
 -1126016.726970606
 -1249030.0421970426
 -1370734.6517196512
 -1490006.8481834924
 -1604222.5140323716
 -1707635.2042133459
 -1790005.0732018761
 -1841540.9734253176
 -1872085.3366276138
 -1891933.947850354
 -1906898.9647351969
 -1919686.1080614498
 -1931524.41787975
 -1943050.7926872296
 -1954703.2065977552
 -1966892.7674212819
 -1980099.8208785478
 -1994970.8187305878
 -2012484.608491776
 -2034317.689391112
 -2063749.2041613748
 -2108068.8866187376
 -2184434.5104981661
 -2314281.3954841178
 -2079917.4822773521
 -1899055.8889106826
 -1750283.9681587294
 -1616469.9145767321
 -1490355.0722998036
 -1368698.4937228917
 -1249871.2899372368
 -1132954.4986296003
 -1017378.1350696051
 -902763.42445922852
 -788846.77169392479
 -675439.1620424065
 -562402.25034590636
 -449633.05605505739
 -337053.50653245964
 -224602.91618808563
 -112232.3224422386
 100
 100
 -125763.83581307315
 -251603.02411345593
 -377392.19297399453
 -503104.8729242846
 -628713.91526575957
 -754193.26938954578
 -879521.65100531571
 -1004687.7528254698
 -1129692.7960437711
 -1254533.0515645219
 -1379104.3881099543
 -1502855.8889376565
 -1623738.2356807415
 -1735564.886484354
 -1823780.2282726523
 -1869339.4225314318
 -1891326.9212645511
 -1904341.5823677143
 -1914620.8314539588
 -1924277.337214336
 -1933944.0901043958
 -1943834.6595686905
 -1954102.277722928
 -1964955.2671509925
 -1976708.3751927589
 -1989842.1094897494
 -2005118.1901232086
 -2023819.5706570402
 -2048222.8666141049
 -2082254.8017308586
