# Created by Octave 6.3.0, Mon Sep 27 17:52:39 2021 GMT <unknown@LAPTOP-7NASCU26>
# name: u
# type: matrix
# rows: 400
# columns: 1
 70
 70
 70
 70
 70
 70
 70
 70
 70
 70
 70
 70
 70
 70
 70
 70
 70
 70
 70
 70
 69.999999999999943
 69.999999999999943
 69.999999999999957
 69.999999999999943
 69.999999999999943
 69.999999999999943
 69.999999999999957
 69.999999999999957
 69.999999999999957
 69.999999999999972
 69.999999999999972
 69.999999999999972
 69.999999999999957
 69.999999999999972
 69.999999999999972
 69.999999999999972
 69.999999999999972
 69.999999999999986
 70
 70
 69.999999999999901
 69.999999999999901
 69.999999999999886
 69.999999999999886
 69.999999999999886
 69.999999999999886
 69.999999999999901
 69.999999999999901
 69.999999999999901
 69.999999999999915
 69.999999999999929
 69.999999999999929
 69.999999999999915
 69.999999999999929
 69.999999999999943
 69.999999999999943
 69.999999999999957
 69.999999999999986
 70.000000000000014
 70
 69.999999999999844
 69.999999999999844
 69.999999999999844
 69.999999999999844
 69.999999999999829
 69.999999999999815
 69.999999999999858
 69.999999999999858
 69.999999999999872
 69.999999999999872
 69.999999999999901
 69.999999999999915
 69.999999999999915
 69.999999999999915
 69.999999999999943
 69.999999999999943
 69.999999999999972
 69.999999999999972
 70
 70
 69.999999999999801
 69.999999999999787
 69.999999999999787
 69.999999999999787
 69.999999999999801
 69.999999999999787
 69.999999999999801
 69.999999999999815
 69.999999999999829
 69.999999999999844
 69.999999999999858
 69.999999999999886
 69.999999999999886
 69.999999999999901
 69.999999999999915
 69.999999999999943
 69.999999999999957
 69.999999999999972
 70
 70
 69.999999999999773
 69.999999999999758
 69.999999999999758
 69.99999999999973
 69.999999999999744
 69.999999999999773
 69.999999999999758
 69.999999999999758
 69.999999999999801
 69.999999999999801
 69.999999999999844
 69.999999999999858
 69.999999999999872
 69.999999999999886
 69.999999999999915
 69.999999999999915
 69.999999999999943
 69.999999999999957
 70
 70
 69.999999999999744
 69.99999999999973
 69.99999999999973
 69.99999999999973
 69.999999999999716
 69.99999999999973
 69.999999999999744
 69.999999999999758
 69.999999999999773
 69.999999999999801
 69.999999999999815
 69.999999999999844
 69.999999999999858
 69.999999999999886
 69.999999999999901
 69.999999999999915
 69.999999999999929
 69.999999999999972
 70
 70
 69.999999999999702
 69.999999999999673
 69.999999999999702
 69.999999999999702
 69.999999999999716
 69.999999999999716
 69.999999999999716
 69.999999999999744
 69.999999999999758
 69.999999999999801
 69.999999999999815
 69.999999999999815
 69.999999999999858
 69.999999999999886
 69.999999999999915
 69.999999999999929
 69.999999999999957
 69.999999999999972
 70
 70
 69.999999999999687
 69.999999999999687
 69.999999999999687
 69.999999999999702
 69.999999999999702
 69.999999999999716
 69.999999999999716
 69.99999999999973
 69.999999999999773
 69.999999999999787
 69.999999999999815
 69.999999999999829
 69.999999999999844
 69.999999999999886
 69.999999999999886
 69.999999999999929
 69.999999999999943
 69.999999999999972
 69.999999999999986
 70
 69.999999999999702
 69.999999999999702
 69.999999999999702
 69.999999999999702
 69.999999999999716
 69.99999999999973
 69.999999999999758
 69.999999999999787
 69.999999999999787
 69.999999999999801
 69.999999999999815
 69.999999999999829
 69.999999999999858
 69.999999999999872
 69.999999999999901
 69.999999999999915
 69.999999999999929
 69.999999999999943
 69.999999999999972
 70
 69.999999999999702
 69.999999999999716
 69.999999999999702
 69.999999999999716
 69.99999999999973
 69.999999999999744
 69.999999999999758
 69.999999999999801
 69.999999999999801
 69.999999999999801
 69.999999999999829
 69.999999999999829
 69.999999999999844
 69.999999999999872
 69.999999999999886
 69.999999999999915
 69.999999999999915
 69.999999999999943
 69.999999999999957
 70
 69.999999999999716
 69.99999999999973
 69.99999999999973
 69.99999999999973
 69.999999999999744
 69.999999999999744
 69.999999999999773
 69.999999999999787
 69.999999999999815
 69.999999999999815
 69.999999999999829
 69.999999999999829
 69.999999999999829
 69.999999999999844
 69.999999999999872
 69.999999999999886
 69.999999999999915
 69.999999999999929
 69.999999999999972
 70
 69.999999999999716
 69.99999999999973
 69.999999999999716
 69.999999999999744
 69.999999999999744
 69.999999999999773
 69.999999999999758
 69.999999999999801
 69.999999999999801
 69.999999999999829
 69.999999999999844
 69.999999999999844
 69.999999999999858
 69.999999999999844
 69.999999999999872
 69.999999999999886
 69.999999999999901
 69.999999999999943
 69.999999999999972
 70
 69.99999999999973
 69.999999999999744
 69.999999999999744
 69.999999999999744
 69.999999999999773
 69.999999999999787
 69.999999999999801
 69.999999999999801
 69.999999999999829
 69.999999999999829
 69.999999999999844
 69.999999999999844
 69.999999999999858
 69.999999999999858
 69.999999999999872
 69.999999999999886
 69.999999999999915
 69.999999999999929
 69.999999999999986
 70
 69.999999999999744
 69.999999999999773
 69.999999999999773
 69.999999999999787
 69.999999999999787
 69.999999999999801
 69.999999999999815
 69.999999999999844
 69.999999999999858
 69.999999999999858
 69.999999999999844
 69.999999999999858
 69.999999999999858
 69.999999999999858
 69.999999999999886
 69.999999999999901
 69.999999999999929
 69.999999999999957
 70
 70
 69.999999999999773
 69.999999999999773
 69.999999999999787
 69.999999999999801
 69.999999999999829
 69.999999999999815
 69.999999999999858
 69.999999999999872
 69.999999999999886
 69.999999999999872
 69.999999999999886
 69.999999999999872
 69.999999999999886
 69.999999999999886
 69.999999999999886
 69.999999999999915
 69.999999999999929
 69.999999999999943
 69.999999999999986
 70
 69.999999999999801
 69.999999999999801
 69.999999999999815
 69.999999999999844
 69.999999999999858
 69.999999999999886
 69.999999999999886
 69.999999999999901
 69.999999999999915
 69.999999999999915
 69.999999999999901
 69.999999999999915
 69.999999999999915
 69.999999999999915
 69.999999999999915
 69.999999999999929
 69.999999999999957
 69.999999999999972
 69.999999999999986
 70
 69.999999999999858
 69.999999999999858
 69.999999999999872
 69.999999999999886
 69.999999999999901
 69.999999999999901
 69.999999999999929
 69.999999999999929
 69.999999999999943
 69.999999999999929
 69.999999999999943
 69.999999999999943
 69.999999999999943
 69.999999999999943
 69.999999999999957
 69.999999999999972
 69.999999999999986
 69.999999999999986
 69.999999999999986
 70
 69.999999999999929
 69.999999999999929
 69.999999999999929
 69.999999999999943
 69.999999999999943
 69.999999999999957
 69.999999999999972
 69.999999999999972
 69.999999999999972
 69.999999999999986
 69.999999999999986
 69.999999999999986
 69.999999999999972
 69.999999999999986
 69.999999999999986
 70
 69.999999999999986
 70
 70
 70
 70
 70
 70
 70
 70
 70
 70
 70
 70
 70
 70
 70
 70
 70
 70
 70
 70
 70
 70
 70


# name: flag
# type: scalar
0


# name: relres
# type: scalar
0


# name: iter
# type: scalar
0


# name: resvec
# type: scalar
0


# name: x
# type: matrix
# rows: 1
# columns: 20
 0 0.052631578947368418 0.10526315789473684 0.15789473684210525 0.21052631578947367 0.26315789473684209 0.31578947368421051 0.36842105263157893 0.42105263157894735 0.47368421052631576 0.52631578947368429 0.57894736842105265 0.63157894736842102 0.68421052631578949 0.73684210526315796 0.78947368421052633 0.84210526315789469 0.89473684210526316 0.94736842105263164 1


# name: y
# type: matrix
# rows: 1
# columns: 20
 0 0.052631578947368418 0.10526315789473684 0.15789473684210525 0.21052631578947367 0.26315789473684209 0.31578947368421051 0.36842105263157893 0.42105263157894735 0.47368421052631576 0.52631578947368429 0.57894736842105265 0.63157894736842102 0.68421052631578949 0.73684210526315796 0.78947368421052633 0.84210526315789469 0.89473684210526316 0.94736842105263164 1


