# Created by Octave 6.3.0, Thu Sep 23 16:48:04 2021 GMT <unknown@Rogerio-HP>
# name: u
# type: matrix
# rows: 2500
# columns: 1
 118.60269998527639
 200
 200
 200
 200
 200
 200
 200
 200
 200
 200
 200
 200
 200
 200
 200
 200
 200
 200
 200
 200
 200
 200
 200
 200
 200
 200
 200
 200
 200
 200
 200
 200
 200
 200
 200
 200
 200
 200
 200
 200
 200
 200
 200
 200
 200
 200
 200
 200
 118.60269998527637
 155.82834264636864
 180.43392049655253
 188.95154863169594
 192.3720922300657
 193.95856405273338
 194.79242905493334
 195.27708251717704
 195.58156871917481
 195.78464663371579
 195.92650841460886
 196.02927596948572
 196.10590388282372
 196.16437380051261
 196.20981386732899
 196.2456354817034
 196.2741746589071
 196.29706983475825
 196.31549276316332
 196.33029413266195
 196.34209786232677
 196.35136348995289
 196.35842810341612
 196.36353474672987
 196.36685157683107
 196.36848443006062
 196.36848443006062
 196.36685157683107
 196.3635347467299
 196.35842810341614
 196.35136348995292
 196.34209786232682
 196.330294132662
 196.31549276316338
 196.29706983475825
 196.2741746589071
 196.24563548170337
 196.20981386732893
 196.16437380051255
 196.10590388282367
 196.02927596948567
 195.9265084146088
 195.78464663371579
 195.58156871917481
 195.27708251717706
 194.79242905493334
 193.95856405273335
 192.3720922300657
 188.95154863169591
 180.43392049655253
 155.82834264636861
 168.48415437216508
 177.00178567711544
 183.0497243027192
 186.62922337128961
 188.72136281600217
 189.98604483893371
 190.78650933854723
 191.31684958616421
 191.6828978419932
 191.94455858060439
 192.13718190786113
 192.28248800364668
 192.39432404656679
 192.48181170724456
 192.55113384017841
 192.60658564513881
 192.651213778618
 192.68721661991165
 192.7162016045049
 192.73935444221181
 192.75755246865833
 192.77144159393433
 192.78148885050692
 192.78801805580525
 192.79123331869437
 192.79123331869437
 192.78801805580528
 192.78148885050695
 192.77144159393438
 192.75755246865842
 192.73935444221192
 192.71620160450499
 192.68721661991171
 192.65121377861803
 192.60658564513881
 192.55113384017835
 192.4818117072445
 192.39432404656674
 192.28248800364662
 192.13718190786111
 191.94455858060431
 191.68289784199317
 191.31684958616424
 190.78650933854726
 189.98604483893368
 188.72136281600214
 186.62922337128958
 183.0497243027192
 177.00178567711544
 168.48415437216508
 172.66335276651068
 176.08390904542853
 179.6634239640548
 182.42228940641351
 184.36106563279546
 185.69385150936699
 186.61636716299208
 187.26695007908833
 187.73621665821801
 188.08243522858345
 188.34327437462906
 188.54347199324661
 188.69959906971818
 188.82298790776832
 188.9215442316831
 189.00088510320373
 189.06506640232618
 189.11705671595925
 189.15905167787997
 189.19268593100091
 189.21917802553088
 189.23943041487777
 189.25409865189329
 189.26363884289287
 189.26833917505635
 189.26833917505635
 189.26363884289293
 189.25409865189332
 189.2394304148778
 189.21917802553097
 189.19268593100102
 189.15905167788009
 189.11705671595934
 189.06506640232627
 189.00088510320379
 188.9215442316831
 188.82298790776832
 188.69959906971812
 188.54347199324656
 188.34327437462903
 188.08243522858345
 187.73621665821801
 187.2669500790883
 186.61636716299208
 185.69385150936694
 184.3610656327954
 182.42228940641351
 179.66342396405477
 176.0839090454285
 172.66335276651066
 173.4647534628491
 175.05125699312742
 177.14344716411699
 179.08226776847062
 180.65438939733025
 181.86011409683633
 182.76672764048561
 183.44720778781237
 183.96161980834592
 184.35487182367646
 184.6592975293309
 184.89789906643071
 185.08704989858362
 185.2384855803233
 185.36070008150926
 185.45990718452194
 185.54069979344888
 185.6065035992527
 185.65989138620137
 185.70280251296279
 185.73669725594371
 185.76266579149072
 185.78150501185362
 185.79377197479869
 185.79981980721988
 185.79981980721988
 185.79377197479874
 185.78150501185371
 185.76266579149078
 185.7366972559438
 185.7028025129629
 185.65989138620148
 185.60650359925285
 185.54069979344899
 185.45990718452208
 185.36070008150935
 185.23848558032336
 185.08704989858364
 184.89789906643071
 184.6592975293309
 184.35487182367646
 183.96161980834592
 183.44720778781235
 182.76672764048561
 181.8601140968363
 180.65438939733022
 179.08226776847062
 177.14344716411699
 175.05125699312742
 173.4647534628491
 172.72274298770259
 173.55667142672613
 174.82146444025449
 176.15437712091904
 177.36019688397056
 178.37207680896572
 179.19018808141558
 179.84078360574853
 180.35564719516714
 180.76376274669781
 181.08889966205402
 181.34963102992879
 181.56014884325111
 181.73120047074158
 181.87091026831817
 181.98543201781203
 182.07944389514719
 182.15651581568679
 182.21937930464173
 182.27012490082635
 182.31034623283912
 182.34124483805303
 182.36370583040301
 182.37835154750528
 182.38557810096214
 182.38557810096214
 182.37835154750533
 182.36370583040309
 182.34124483805314
 182.31034623283924
 182.27012490082649
 182.21937930464188
 182.15651581568696
 182.07944389514736
 181.9854320178122
 181.87091026831831
 181.73120047074173
 181.56014884325126
 181.34963102992887
 181.08889966205408
 180.76376274669781
 180.35564719516714
 179.84078360574853
 179.19018808141558
 178.37207680896574
 177.36019688397056
 176.15437712091909
 174.82146444025454
 173.55667142672618
 172.72274298770265
 171.18958739006229
 171.67435192781372
 172.47501946884776
 173.39779195954401
 174.3046589928754
 175.12294439888365
 175.82664123342843
 176.41583929012992
 176.90238498855402
 177.30176465189385
 177.62917510554976
 177.89795290409339
 178.11917800908714
 178.30179246823778
 178.45290196854438
 178.5781078861171
 178.68180827179816
 178.76744888178789
 178.83772371614589
 178.89473128834734
 178.94009442392729
 178.97505085393001
 179.0005206354997
 179.01715509499746
 179.02537076911125
 179.02537076911128
 179.01715509499752
 179.00052063549978
 178.97505085393013
 178.94009442392741
 178.89473128834751
 178.83772371614606
 178.76744888178806
 178.68180827179836
 178.57810788611729
 178.45290196854452
 178.30179246823792
 178.11917800908728
 177.89795290409353
 177.62917510554988
 177.30176465189393
 176.90238498855408
 176.41583929012995
 175.82664123342852
 175.1229443988837
 174.30465899287549
 173.39779195954412
 172.47501946884788
 171.67435192781383
 171.18958739006237
 169.21381202242989
 169.51847609447663
 170.04914968916523
 170.70017672532117
 171.38114490277809
 172.03218354418783
 172.62166923210322
 173.13786879854885
 173.58081292572513
 173.95642621435903
 174.27291001594682
 174.53876622770295
 174.76184871539729
 174.94899637687627
 175.10596713987115
 175.23751132208477
 175.34749765040951
 175.43904861851516
 175.51466555378664
 175.57633601973203
 175.625622121269
 175.6637308780293
 175.69156873044656
 175.70978232378991
 175.71878742906222
 175.71878742906225
 175.70978232378994
 175.69156873044665
 175.66373087802938
 175.62562212126915
 175.57633601973225
 175.51466555378687
 175.43904861851539
 175.34749765040976
 175.237511322085
 175.10596713987135
 174.94899637687649
 174.76184871539749
 174.53876622770318
 174.27291001594699
 173.95642621435917
 173.58081292572527
 173.13786879854896
 172.62166923210336
 172.03218354418797
 171.38114490277823
 170.70017672532137
 170.0491496891654
 169.51847609447677
 169.21381202242998
 166.97469445364723
 167.17803949988641
 167.54459625130954
 168.01456128137821
 168.52978489887488
 169.04547134625346
 169.53272457225276
 169.97610995981421
 170.36971239820076
 170.71351440098582
 171.01070146661951
 171.26589295310353
 171.48408683797501
 171.67008771976606
 171.82823480499033
 171.96230331220042
 172.07549889804903
 172.17049702723466
 172.24949999384543
 172.31429693394242
 172.36631950912715
 172.40669002424667
 172.43626089651667
 172.45564543853908
 172.46524034273577
 172.4652403427358
 172.45564543853911
 172.43626089651673
 172.40669002424679
 172.36631950912729
 172.31429693394261
