# Created by Octave 6.3.0, Mon Sep 27 17:52:37 2021 GMT <unknown@LAPTOP-7NASCU26>
# name: u
# type: matrix
# rows: 400
# columns: 1
 200
 191.19244761485552
 182.72060838099867
 174.56101459972081
 166.69106351816521
 159.08895471782338
 151.73362972556416
 144.60471367991317
 137.68245889099322
 130.94769013778247
 124.38175155115833
 117.96645493558999
 111.68402938632525
 105.5170720625074
 99.448499979859946
 93.46150268940049
 87.539495711100002
 81.666074593495111
 75.824969471994109
 70
 200
 191.19244761485552
 182.72060838099864
 174.56101459972081
 166.69106351816524
 159.08895471782341
 151.73362972556421
 144.60471367991317
 137.68245889099322
 130.94769013778244
 124.38175155115833
 117.96645493559001
 111.68402938632525
 105.51707206250741
 99.448499979859974
 93.46150268940049
 87.539495711100017
 81.666074593495125
 75.824969471994109
 70
 200
 191.19244761485555
 182.72060838099867
 174.56101459972081
 166.69106351816524
 159.08895471782336
 151.73362972556416
 144.60471367991312
 137.68245889099322
 130.94769013778242
 124.38175155115829
 117.96645493558998
 111.68402938632524
 105.51707206250741
 99.448499979859946
 93.46150268940049
 87.539495711100017
 81.666074593495111
 75.824969471994109
 70
 200
 191.1924476148555
 182.7206083809987
 174.56101459972083
 166.69106351816527
 159.08895471782338
 151.73362972556413
 144.60471367991312
 137.68245889099319
 130.94769013778239
 124.38175155115826
 117.96645493558997
 111.68402938632521
 105.5170720625074
 99.448499979859932
 93.461502689400476
 87.539495711100002
 81.666074593495111
 75.824969471994109
 70
 200
 191.19244761485552
 182.72060838099873
 174.56101459972086
 166.69106351816527
 159.08895471782336
 151.73362972556416
 144.60471367991312
 137.68245889099319
 130.94769013778239
 124.38175155115823
 117.96645493558994
 111.68402938632522
 105.51707206250738
 99.448499979859918
 93.461502689400461
 87.539495711100017
 81.666074593495111
 75.824969471994123
 70
 200
 191.19244761485555
 182.7206083809987
 174.56101459972086
 166.69106351816524
 159.08895471782341
 151.7336297255641
 144.60471367991312
 137.68245889099316
 130.94769013778236
 124.3817515511582
 117.96645493558994
 111.68402938632521
 105.5170720625074
 99.448499979859932
 93.461502689400476
 87.539495711100017
 81.666074593495154
 75.824969471994152
 70
 200
 191.1924476148555
 182.7206083809987
 174.56101459972083
 166.69106351816521
 159.08895471782333
 151.7336297255641
 144.60471367991309
 137.68245889099316
 130.94769013778236
 124.38175155115822
 117.96645493558995
 111.68402938632522
 105.5170720625074
 99.448499979859918
 93.461502689400476
 87.539495711100002
 81.666074593495125
 75.824969471994123
 70
 200
 191.19244761485547
 182.72060838099867
 174.56101459972081
 166.69106351816515
 159.0889547178233
 151.7336297255641
 144.60471367991306
 137.68245889099313
 130.9476901377823
 124.38175155115819
 117.96645493558992
 111.68402938632521
 105.51707206250738
 99.448499979859903
 93.461502689400461
 87.539495711099974
 81.666074593495111
 75.824969471994109
 70
 200
 191.19244761485544
 182.72060838099861
 174.56101459972078
 166.69106351816512
 159.0889547178233
 151.73362972556404
 144.60471367991303
 137.6824588909931
 130.9476901377823
 124.38175155115817
 117.96645493558988
 111.68402938632519
 105.5170720625074
 99.448499979859903
 93.461502689400447
 87.539495711099988
 81.666074593495097
 75.824969471994109
 70
 200
 191.19244761485544
 182.72060838099858
 174.56101459972075
 166.69106351816512
 159.08895471782327
 151.73362972556404
 144.60471367991306
 137.6824588909931
 130.94769013778233
 124.3817515511582
 117.96645493558989
 111.68402938632516
 105.51707206250735
 99.448499979859889
 93.461502689400433
 87.539495711099974
 81.666074593495097
 75.824969471994081
 70
 200
 191.19244761485544
 182.72060838099861
 174.56101459972078
 166.69106351816512
 159.0889547178233
 151.7336297255641
 144.60471367991309
 137.6824588909931
 130.9476901377823
 124.38175155115822
 117.96645493558989
 111.68402938632515
 105.51707206250731
 99.448499979859875
 93.461502689400419
 87.539495711099974
 81.666074593495097
 75.824969471994095
 70
 200
 191.19244761485541
 182.72060838099858
 174.56101459972075
 166.69106351816515
 159.08895471782327
 151.73362972556407
 144.60471367991306
 137.68245889099313
 130.94769013778233
 124.38175155115819
 117.96645493558987
 111.68402938632516
 105.51707206250732
 99.448499979859889
 93.461502689400433
 87.53949571109996
 81.666074593495111
 75.824969471994095
 70
 200
 191.19244761485544
 182.72060838099858
 174.56101459972072
 166.69106351816512
 159.0889547178233
 151.7336297255641
 144.60471367991309
 137.68245889099316
 130.94769013778239
 124.3817515511582
 117.96645493558991
 111.68402938632518
 105.51707206250734
 99.448499979859889
 93.461502689400419
 87.539495711099974
 81.666074593495097
 75.824969471994109
 70
 200
 191.19244761485544
 182.72060838099861
 174.56101459972078
 166.69106351816515
 159.0889547178233
 151.73362972556413
 144.60471367991309
 137.68245889099319
 130.94769013778236
 124.38175155115823
 117.96645493558991
 111.68402938632516
 105.51707206250732
 99.448499979859903
 93.461502689400447
 87.539495711099988
 81.666074593495111
 75.824969471994109
 70
 200
 191.19244761485547
 182.72060838099867
 174.56101459972081
 166.69106351816518
 159.08895471782336
 151.73362972556413
 144.60471367991309
 137.68245889099319
 130.94769013778239
 124.38175155115825
 117.96645493558994
 111.68402938632516
 105.51707206250735
 99.448499979859889
 93.461502689400461
 87.539495711099988
 81.666074593495082
 75.824969471994095
 70
 200
 191.1924476148555
 182.7206083809987
 174.56101459972083
 166.69106351816524
 159.08895471782338
 151.73362972556416
 144.60471367991317
 137.68245889099327
 130.94769013778244
 124.38175155115826
 117.96645493558998
 111.68402938632522
 105.51707206250738
 99.448499979859918
 93.461502689400476
 87.539495711099988
 81.666074593495097
 75.824969471994095
 70
 200
 191.19244761485552
 182.72060838099873
 174.56101459972083
 166.69106351816524
 159.08895471782338
 151.73362972556421
 144.60471367991323
 137.6824588909933
 130.9476901377825
 124.38175155115833
 117.96645493559002
 111.68402938632525
 105.51707206250741
 99.448499979859932
 93.46150268940049
 87.539495711100017
 81.666074593495125
 75.824969471994123
 70
 200
 191.19244761485552
 182.72060838099873
 174.56101459972086
 166.69106351816524
 159.08895471782341
 151.73362972556421
 144.60471367991326
 137.68245889099336
 130.94769013778253
 124.38175155115836
 117.96645493559005
 111.68402938632529
 105.51707206250744
 99.44849997985996
 93.461502689400476
 87.539495711100031
 81.666074593495139
 75.824969471994137
 70
 200
 191.19244761485558
 182.72060838099875
 174.56101459972092
 166.69106351816527
 159.08895471782344
 151.73362972556427
 144.60471367991329
 137.68245889099336
 130.94769013778256
 124.3817515511584
 117.96645493559009
 111.68402938632534
 105.51707206250748
 99.448499979860003
 93.461502689400518
 87.539495711100045
 81.666074593495139
 75.824969471994123
 70
 200
 191.19244761485558
 182.72060838099878
 174.56101459972095
 166.69106351816535
 159.0889547178235
 151.7336297255643
 144.60471367991332
 137.68245889099339
 130.94769013778259
 124.38175155115843
 117.96645493559011
 111.68402938632538
 105.51707206250751
 99.448499979860031
 93.461502689400533
 87.539495711100059
 81.666074593495154
 75.824969471994123
 70


# name: flag
# type: scalar
0


# name: relres
# type: scalar
0


# name: iter
# type: scalar
0


# name: resvec
# type: scalar
0


