# Created by Octave 6.3.0, Mon Sep 27 17:52:38 2021 GMT <unknown@LAPTOP-7NASCU26>
# name: u
# type: matrix
# rows: 2500
# columns: 1
 200
 196.36010566874182
 192.77386566149153
 189.24081903563723
 185.76053306947324
 182.33259040862129
 178.9565622729979
 175.6319719127498
 172.35825946876861
 169.13476353951668
 165.9607302119658
 162.83534454977843
 159.75776113692618
 156.72710576592689
 153.74243275810773
 150.80264472283801
 147.90640527778885
 145.05209106175721
 142.23782624442586
 139.46161498905622
 136.72154821349324
 134.01603841899922
 131.34403548832458
 128.70518639364212
 126.09992610673122
 123.52926056579003
 120.99553476995739
 118.50122393102006
 116.04893378820023
 113.64082749051812
 111.27786820752746
 108.95911015245213
 106.6814047298766
 104.43973983465699
 102.22801464147716
 100.0398881522537
 97.869443323948985
 95.711579774067658
 93.562165005952835
 91.41801918092645
 89.27680768774492
 87.136896705579417
 84.99720598188172
 82.857076643589878
 80.716161073283033
 78.574335638106376
 76.431633891664006
 74.28819656517075
 72.144234388003625
 70
 200
 196.35907946038114
 192.77180675142469
 189.23772135763619
 185.75640323066247
 182.32746163533309
 178.95050415704492
 175.62508898686718
 172.3506744656882
 169.1265898855622
 165.95204953128041
 162.8262075834711
 159.74821658575917
 156.71724464629781
 153.73242593331253
 150.79274987885776
 147.89692753118601
 145.04330034321589
 142.22985924066685
 139.45440079454272
 136.71478029873558
 134.00919379525439
 131.33643102154872
 128.69604789257343
 126.08833895189443
 123.51461538984675
 120.9773591028455
 118.47940366136284
 116.02392900753077
 113.61385658057077
 111.25085892805345
 108.93428372159853
 106.66064175551109
 104.42414404758375
 102.21783868414362
 100.03471789831219
 97.8684694771474
 95.713839688583604
 93.56670954266697
 91.424005306882947
 89.283535834657997
 87.143813846822368
 85.003890829704503
 82.863217759671357
 80.721534145596976
 78.578783101241385
 76.435048203031727
 74.29050742024495
 72.145399657727253
 70
 200
 196.35703310959641
 192.76769413999733
 189.23151810434783
 185.74810860665914
 182.31713236084516
 178.93828086924015
 175.61119753567874
 172.33538787410197
 169.11015754923943
 165.93463381335667
 162.8078811446106
 159.72903249178748
 156.69734743665518
 153.71215042996738
 150.77265095320027
 147.87769815987991
 145.02557855813876
 142.21399282048316
 139.44027593034303
 136.70176463917338
 133.99618483106983
 131.32199311205054
 128.67868170378847
 126.06584547070999
 123.48579140840715
 120.94111430995798
 118.43529394252292
 115.97269065013815
 113.55797576772621
 111.19460790177898
 108.88273991198579
 106.61800342833972
 104.39269333545174
 102.19789665760788
 100.02518453330596
 97.867484023766167
 95.719309597973677
 93.576643541819365
 91.436679620262026
 89.297547957337756
 87.158072298000178
 85.01757474786433
 82.875726861593179
 80.732440093483902
 78.587787422437557
 76.441948552330643
 74.295172221905631
 72.147750366874391
 70
 200
 196.3539856739545
 192.76155049555334
 189.22220742101382
 185.73558902257898
 182.30145764591791
 178.91966146873497
 175.59001875050467
 172.31214393158837
 169.08529732345767
 165.90840314400359
 162.78030453453553
 159.70005632552758
 156.6670710279794
 153.68104293207432
 150.74164659813732
 147.84807112309204
 144.9985705468595
 142.19033418452938
 139.41986686489483
 136.68359832313362
 133.97844174899268
 131.30221508051324
 128.65393707861404
 126.03392085809635
 123.44386692767381
 120.88722941009209
 118.36814011570587
 115.89271119249784
 113.46888953598787
 111.10401427044663
 108.80025899019186
 106.55118985719423
 104.34505352869854
 102.16928028021978
 100.01314483655857
 97.868579102224345
 95.729983053426508
 93.593694916388088
 91.457449904754114
 89.319941372539631
 87.180498859175714
 85.038863718839096
 82.895037497107239
 80.749181931852021
 78.601554697139349
 76.452469389249742
 74.302271457885993
 72.151324111132837
 70
 200
 196.34998465737951
 192.75344408939497
 189.20982729165476
 185.71878549420205
 182.28022051687105
 178.89425289976822
 175.56104958319708
 172.28048408313359
 169.05175301440676
 165.87332209547824
 162.74351988324003
 159.66117670483652
 156.6259336571558
 153.63815625152685
 150.69844972512311
 147.80679237413176
 144.96153471091014
 142.15897328396608
 139.39417191905969
 136.66209329991642
 133.95841534257391
 131.28002033369955
 128.62535963377343
 125.99479559300291
 123.3907850374015
 120.81699046837598
 118.27747091567637
 115.7802384669902
 113.33896140704836
 110.96942019329904
 108.67925196236953
 106.45666680093751
 104.28135512069925
 102.13442438217916
 100.00203569905418
 97.875311566825587
 95.749064958241689
 93.620529777345951
 91.488420590253526
 89.352315391703357
 87.21227360703206
 85.068607354598868
 82.921748170645699
 80.772172400082354
 78.620362533438367
 76.466790258801353
 74.311911975752167
 72.156170631479071
 70
 200
 196.345132766484
 192.74353987887719
 189.19452223584895
 185.69770122462643
 182.25314996783635
 178.8614337382663
 175.5234080511033
 172.2395889220773
 169.00916292999085
 165.82954292006087
 162.69790323679501
 159.61254021735644
 156.5734097503433
 153.58203340906016
 150.64081402643632
 147.75151993172665
 144.91302360274443
 142.11990603785151
 139.36465642317955
 136.63995191864686
 133.93974422814622
 131.25961398528193
 128.59710258918327
 125.95243829030096
 123.32936212353158
 120.73364143764273
 118.16462184650045
 115.6308775074517
 113.15534781151115
 110.77251661529473
 108.506771507683
 106.33005421467445
 104.20355371980337
 102.09841019566647
 99.997757652344006
 97.893176383486761
 95.781159743972736
 93.660776432829309
 91.532337066715172
 89.396686103357084
 87.254841616322537
 85.107819893288294
 82.956557250107437
 80.801883500170163
 78.644523099485241
 76.485110510467308
 74.324211436548111
 72.16234446928182
 70
 200
 196.33962840921552
 192.73218226462996
 189.17666424762757
 185.67253449808814
 182.21999705712426
 178.82026407339868
 175.47550973515445
 172.1878827102631
 168.95700349937437
 165.77769576405191
 162.64461796618824
 159.55499418462182
 156.50918894801748
 153.51056495046186
 150.56483938470259
 147.67783269732658
 144.85033449000738
 142.07300828676296
 139.33348571987693
 136.62106880536055
 133.9276261301506
 131.24710299833919
 128.57540373791784
 125.91179666152121
 123.26279504161894
 120.64454018156921
 118.0365577592362
 115.44230685170527
 112.89700962204387
 110.47550842166176
 108.26130104410242
 106.16835604818922
 104.11864089324612
 102.07127379560124
 100.00990219108216
 97.930093887082677
 95.83235887719492
 93.718933694067559
 91.592433210835949
 89.455328925152671
 87.309773384568274
 85.157565655286916
 83.000173753381034
 80.838780161251421
 78.674336238329701
 76.507618250995577
 74.339279795037911
 72.169896410711644
 70
 200
 196.33381819275735
 192.72001363328042
 189.15705425360403
 185.64395227867533
 182.1807785467571
 178.7694386552086
 175.41441393081524
 172.12198923534601
 168.89448750510297
 165.71950942267244
 162.5864645260007
 159.49092864656876
 156.43381738933684
 153.42097963647302
 150.4637005665368
 147.57698926637542
 144.76864802312903
 142.01832481197187
 139.30408628453773
 136.61095867009618
 133.92921390572022
 131.25127713750675
 128.57000895574635
 125.87983645532316
 123.18766478795942
 120.56625959072836
 117.91471805921098
 115.22370892660727
 112.53274171301075
 109.98806417631042
 107.91050376782373
 105.97849191247406
 104.04559018885479
 102.07149936754791
 100.05298234733118
 97.996570788731447
 95.910007183605543
 93.800045028293908
 91.672126257454551
 89.530526012647002
 87.378566743170538
 85.218808611840629
 83.053206429907675
 80.88324143057639
 78.710036243018621
 76.534456838427658
 74.357200362110746
 72.178865125470111
 70
 200
 196.32824789562747
 192.70811186445991
 189.13721494906585
 185.613606727655
 182.13644871936336
 178.70759979358479
 175.33462247653176
