# Created by Octave 6.3.0, Fri Sep 24 11:14:59 2021 GMT <unknown@Rogerio-HP>
# name: u
# type: matrix
# rows: 400
# columns: 1
 200
 70
 70
 70
 70
 70
 70
 70
 70
 70
 70
 70
 70
 70
 70
 70
 70
 70
 70
 70
 200
 134.3490175711415
 108.13880230912535
 95.613236153156691
 88.610467875370588
 84.19231964493585
 81.151944563203855
 78.928095275639734
 77.22976508654078
 75.891566165858649
 74.81199213421408
 73.924546690971695
 73.183145386009116
 72.554228474479373
 72.012247489467939
 71.536943689137814
 71.111621449945289
 70.721993515131757
 70.35536244097284
 70
 200
 159.43552010167659
 132.69860316402901
 115.77462522079888
 104.68786824598082
 97.046180046002576
 91.518255145434324
 87.355403018674792
 84.11942595476593
 81.540827570562982
 79.445185298126276
 77.713920564137183
 76.262623955831955
 75.028596447577499
 73.963391887023207
 73.028163278880768
 72.190627879306476
 71.42299015164528
 70.700440632252608
 70
 200
 170.94220349453215
 147.61914536568983
 130.22559283587606
 117.41628811944101
 107.86119731399168
 100.57910030882957
 94.903911607498131
 90.39082012653941
 86.739101914943092
 83.740164871785154
 81.244694512627476
 79.142181414401335
 77.348071103024154
 75.795539257061407
 74.430077923985991
 73.205804858026895
 72.082840380864411
 71.025350215152002
 70
 200
 176.99376680299082
 156.8251934513296
 140.25914253462679
 127.02184114041809
 116.50809944461319
 108.11774381744907
 101.35930888067865
 95.857325295229018
 91.33096379425028
 87.569739159980557
 84.413659938448376
 81.738660688377692
 79.446322060654808
 77.456670239578088
 75.703075985974849
 74.128553593817884
 72.682985939577677
 71.320960152796118
 70
 200
 180.50405189159451
 162.66923210326115
 147.15856637441431
 134.06178970160749
 123.16044680699451
 114.13005595372877
 106.64512269417459
 100.41983531932372
 95.216777349214851
 90.842837673000659
 87.141472428648314
 83.984996405625026
 81.268053308760187
 78.902399250852824
 76.81280018093841
 74.933784028240098
 73.207021724847763
 71.579163625853127
 70
 200
 182.65931406702805
 166.44581816967639
 151.85783679908812
 139.08376096577106
 128.08910098344958
 118.71915441860638
 110.77280065813112
 104.04438141047508
 98.343325179119162
 93.501098146604861
 89.371879000645691
 85.83053879894554
 82.769708961976676
 80.096733659871063
 77.730813481347766
 75.600427605124338
 73.641037022409449
 71.793047040244673
 70
 200
 183.99946186907678
 168.86405264054616
 154.96995469701454
 142.51768413784694
 131.55395337949963
 122.01961618553878
 113.79548815541276
 106.73587025100636
 100.68955717632898
 95.511450728519875
 91.068068343067253
 87.239422735565043
 83.918883235349227
 81.011981736608575
 78.43470747525042
 76.111589538375725
 73.973737694552341
 71.956954402024294
 70
 200
 184.79026875174972
 170.31483746808047
 156.87561904630277
 144.6639475205647
 133.75992177731135
 124.15396744843011
 115.77498266867951
 108.51581567524626
 102.25259517042763
 96.857748086661601
 92.207881207657749
 88.187955198514672
 84.692975970502445
 81.628106680497112
 78.907809985321308
 76.454414989485443
 74.196377399041353
 72.066453799621556
 70
 200
 185.16475425364141
 171.0072898699228
 157.79438918389022
 145.70939046018987
 134.84443904268255
 125.21136015235264
 116.76145990163637
 109.4065066210523
 103.03660211236685
 97.533463434187041
 92.779270878863002
 88.661923027697767
 85.077659532110005
 81.931869851385741
 79.138686169972814
 76.619762301102242
 74.302527426630817
 72.118207646173019
 70
 200
 185.18047433265392
 171.03497716097644
 157.82845511311737
 145.7445073968357
 134.87670826575916
 125.23851427248519
 116.78252329438243
 109.42130809307905
 103.04535735707564
 97.5365026406688
 92.776916319258149
 88.65450157894243
 85.065635648749108
 81.916079294019497
 79.12061746222038
 76.601757910012736
 74.287680718729192
 72.10971696964792
 70
 200
 184.84122540168386
 170.40356461120601
 156.9832388301941
 144.77329432832306
 133.85908622434556
 124.23648065243958
 115.83840238759889
 108.56004539923258
 102.27855496821857
 96.866551852820947
 92.200484129581241
 88.165205839673959
 84.656035252663372
 81.579202743623114
 78.851211343192873
 76.397258576032385
 74.148597800533111
 72.038823605018152
 70
 200
 184.09898240083027
 169.03294326972917
 155.16859206821351
 142.71347310105352
 131.72675662655112
 122.16015928392271
 113.90153638824009
 106.8087306782256
 100.73167954343548
 95.525088254124967
 91.054759692526446
 87.200121527258602
 83.854695214210267
 80.925560438477149
 78.332285181873999
 76.005188188274602
 73.88212026301899
 71.902627360708792
 70
 200
 182.83782459506824
 166.73496348140858
 152.18063714962852
 139.38667174428718
 128.34529614238554
 118.9203514443158
 110.92046410733573
 104.14362462487021
 98.39947357938722
 93.518068543379442
 89.351668293192247
 85.773471128627264
 82.675442295544968
 79.966323324557109
 77.570261879938855
 75.425723602500653
 73.482821498301888
 71.694836010700257
 70
 200
 180.82992264926702
 163.15641279896857
 147.65996849892511
 134.49948743101828
 123.50902607334203
 114.3909996825232
 106.82969705808672
 100.54041081216351
 95.283190507745672
 90.861191051088596
 87.113979537579894
 83.910346224354271
 81.142391543304726
 78.72163622810281
 76.577685665338748
 74.659652548757336
 72.938253821969141
 71.398590020385043
 70
 200
 177.63246129901262
 157.6588475712569
 141.0184611825641
 127.62095234777092
 116.94854548639775
 108.4278909124716
 101.56893495181504
 95.989730533885393
 91.401723127145999
 87.58731284847795
 84.380119727217931
 81.650075502931088
 79.293006775752303
 77.224304036352223
 75.37741274047103
 73.709854730009582
 72.220090427695382
 70.965144459453541
 70
 200
 172.33922583785073
 149.07087729692344
 131.33080335159036
 118.17693011755168
 108.36636398454496
 100.90953198043155
 95.115869876090187
 90.51984695780726
 86.805943170073746
 83.754935806599107
 81.208945146550974
 79.049100961693298
 77.180998421462064
 75.525172323621135
 74.012702410351082
 72.592539809014909
 71.273258534329017
 70.244570920092329
 70
 200
 162.93705291568241
 135.17366532809527
 117.22683623134881
 105.52305488634912
 97.536726370376627
 91.813625120864415
 87.534738661055087
 84.22468593250332
 81.593820647939538
 79.455644376547554
 77.68267380024075
 76.181451537495832
 74.876605587167816
 73.697989612811213
 72.566800287439463
 71.381525112087445
 70.039360012464485
 68.740558168359868
 70
 200
 144.49276385666093
 111.64043133747921
 97.010643620389175
 89.250128640208956
 84.520140510164595
 81.333929025945849
 79.033346398034027
 77.28974102535129
 75.921124959303711
 74.817340172121519
 73.905935785244623
 73.134548935334365
 72.459491379636702
 71.833623991556095
 71.182094264611791
 70.33122727879956
 68.76220726558708
 64.674812982346282
 70
 200
 103.59992231989939
 70
 70
 70
 70
 70
 70
 70
 70
 70
 70
 70
 70
 70
 70
 70
 70
 51.181735284862974
 70


# name: flag
# type: scalar
0


# name: relres
# type: scalar
0


# name: iter
# type: scalar
0


# name: resvec
# type: scalar
0


