# Created by Octave 6.3.0, Mon Sep 27 17:52:29 2021 GMT <unknown@LAPTOP-7NASCU26>
# name: u
# type: matrix
# rows: 400
# columns: 1
 200
 70
 70
 70
 70
 70
 70
 70
 70
 70
 70
 70
 70
 70
 70
 70
 70
 70
 70
 70
 200
 134.34770296167778
 108.13628062096862
 95.609708654055964
 88.606204795038138
 84.187629100264786
 81.147140321895364
 78.923467691784339
 77.225558037168284
 75.887961244293777
 74.809100159518593
 73.922405941327952
 73.18172578763992
 72.553441063288162
 72.011958552910912
 71.536992874955217
 71.11184269188702
 70.722236933627087
 70.355514666993528
 70
 200
 159.43277971040098
 132.6933515346808
 115.76729022141942
 104.67902215933606
 97.036472195760737
 91.508343000579188
 87.345891155142368
 84.110818608819869
 81.53349692243917
 79.439355059542734
 77.709663208572493
 76.259869790784663
 75.027153156544429
 73.962973565790634
 73.028427853014534
 72.191220855619193
 71.423591031953649
 70.700806539518766
 70
 200
 170.93780057713005
 147.61072137965914
 130.21385773489408
 117.40218519842048
 107.84578779764341
 100.56344822702675
 94.8889848793726
 90.377416460720298
 86.727801522037808
 83.731307745589532
 81.238378450414615
 79.138277369913069
 77.346253838326859
 75.795332466802876
 74.43091311251581
 73.207091709487585
 72.084043264512005
 71.026061751481166
 70
 200
 176.98730731424158
 156.81286381979774
 140.24203152992465
 127.00138109404776
 116.48588154664448
 108.09534052199939
 101.33812823105357
 95.838507969661194
 91.315322359740279
 87.557732813924133
 84.405396719828303
 81.733921187854392
 79.444602093671207
 77.457242903117859
 75.705074418299844
 74.131073515855945
 72.685201538157514
 71.322239478213731
 70
 200
 180.49492859221098
 162.65187390251185
 147.13459973558486
 134.03332466378882
 123.12978652786416
 114.09943134233647
 106.61648877265769
 100.39473964145104
 95.196292347630887
 90.827540809524365
 87.131458573158383
 83.979912504813484
 81.267152778055191
 78.904619816254581
 76.816871671954331
 74.938369814420241
 73.210888125455966
 71.581357336452328
 70
 200
 182.6466132866949
 166.42175685276555
 151.82483809745921
 139.04490892830609
 128.04768248258679
 118.67826863641561
 110.73508659261144
 104.01186543053983
 98.317362403485475
 93.482373522247045
 89.36043982238192
 85.825842999589852
 82.770687647005175
 80.101878448778066
 77.738305939873001
 75.608325639191492
 73.647518239734126
 71.796682233376302
 70
 200
 183.98180818182172
 168.83079840376683
 154.9247484745583
 142.46505060492501
 131.49856274214517
 121.96571697753618
 113.74656310588138
 106.69448877832475
 100.65735976062516
 95.489199179696854
 91.055714221741169
 87.236170924434745
 83.923252227655766
 81.021883434773869
 78.447583750094083
 76.124644090825015
 73.98428088955464
 71.962830316413957
 70
 200
 184.76556011766118
 170.268649630586
 156.81355540281501
 144.59271648689253
 133.68615703301231
 124.08342278021095
 115.71214169030492
 108.46381359957213
 102.21331211523349
 96.831956414117784
 92.195373038627736
 88.187619874581685
 84.702835470136833
 81.64535084562786
 78.928902043907513
 76.475351857564604
 74.21316770041318
 72.075795345817468
 70
 200
 185.12969279706704
 170.94243709015237
 157.70858778211192
 145.61273093032713
 134.74634207026043
 125.11949099555893
 116.68139370683022
 109.34185977453495
 102.98935223818462
 97.504268071982622
 92.767684671878158
 88.666481283616577
 85.09584700877663
 81.960041023293286
 79.172055523019125
 76.652630857876019
 74.328913533370894
 72.132933492054434
 70
 200
 185.12969279706704
 170.94243709015234
 157.70858778211189
 145.61273093032713
 134.74634207026043
 125.11949099555893
 116.68139370683021
 109.34185977453492
 102.98935223818459
 97.504268071982608
 92.767684671878143
 88.666481283616562
 85.095847008776616
 81.960041023293272
 79.172055523019125
 76.652630857876019
 74.32891353337088
 72.13293349205442
 70
 200
 184.76556011766115
 170.26864963058597
 156.81355540281501
 144.5927164868925
 133.68615703301228
 124.08342278021092
 115.71214169030486
 108.46381359957206
 102.21331211523342
 96.831956414117741
 92.195373038627707
 88.187619874581657
 84.702835470136819
 81.645350845627831
 78.928902043907485
 76.475351857564576
 74.213167700413152
 72.075795345817454
 70
 200
 183.98180818182175
 168.83079840376686
 154.9247484745583
 142.46505060492495
 131.49856274214511
 121.96571697753612
 113.74656310588132
 106.69448877832467
 100.65735976062507
 95.489199179696797
 91.055714221741127
 87.236170924434717
 83.923252227655709
 81.021883434773812
 78.44758375009404
 76.124644090824958
 73.984280889554597
 71.962830316413928
 70
 200
 182.64661328669493
 166.42175685276558
 151.82483809745918
 139.04490892830603
 128.04768248258671
 118.67826863641554
 110.73508659261134
 104.01186543053971
 98.317362403485376
 93.482373522246988
 89.360439822381863
 85.82584299958981
 82.770687647005104
 80.101878448777995
 77.738305939872944
 75.608325639191435
 73.647518239734069
 71.796682233376274
 70
 200
 180.49492859221101
 162.65187390251188
 147.13459973558483
 134.03332466378876
 123.12978652786408
 114.09943134233637
 106.61648877265758
 100.39473964145094
 95.196292347630788
 90.827540809524308
 87.131458573158312
 83.979912504813427
 81.26715277805512
 78.904619816254495
 76.81687167195426
 74.938369814420184
 73.210888125455924
 71.581357336452299
 70
 200
 176.9873073142416
 156.81286381979777
 140.24203152992465
 127.0013810940477
 116.48588154664439
 108.09534052199932
 101.33812823105349
 95.838507969661123
 91.315322359740208
 87.557732813924076
 84.405396719828246
 81.733921187854349
 79.444602093671151
 77.457242903117788
 75.705074418299773
 74.131073515855874
 72.685201538157457
 71.322239478213717
 70
 200
 170.93780057713005
 147.61072137965917
 130.21385773489408
 117.40218519842045
 107.84578779764338
 100.56344822702671
 94.888984879372572
 90.377416460720241
 86.727801522037751
 83.731307745589476
 81.238378450414572
 79.138277369913013
 77.346253838326803
 75.795332466802819
 74.430913112515753
 73.207091709487543
 72.084043264511976
 71.026061751481137
 70
 200
 159.43277971040098
 132.69335153468083
 115.76729022141942
 104.67902215933604
 97.036472195760723
 91.508343000579174
 87.34589115514234
 84.110818608819841
 81.533496922439127
 79.439355059542677
 77.709663208572451
 76.259869790784634
 75.027153156544387
 73.962973565790591
 73.028427853014492
 72.191220855619179
 71.423591031953634
 70.700806539518766
 70
 200
 134.34770296167781
 108.13628062096862
 95.60970865405595
 88.606204795038124
 84.187629100264786
 81.147140321895378
 78.923467691784339
 77.22555803716827
 75.887961244293763
 74.809100159518565
 73.922405941327938
 73.181725787639891
 72.553441063288133
 72.011958552910897
 71.536992874955217
 71.11184269188702
 70.722236933627087
 70.355514666993528
 70
 200
 70
 70
 70
 70
 70
 70
 70
 70
 70
 70
 70
 70
 70
 70
 70
 70
 70
 70
 70


# name: flag
# type: scalar
0


# name: relres
# type: scalar
0


# name: iter
# type: scalar
0


# name: resvec
# type: scalar
0


# name: x
# type: matrix
# rows: 1
# columns: 20
 0 0.052631578947368418 0.10526315789473684 0.15789473684210525 0.21052631578947367 0.26315789473684209 0.31578947368421051 0.36842105263157893 0.42105263157894735 0.47368421052631576 0.52631578947368429 0.57894736842105265 0.63157894736842102 0.68421052631578949 0.73684210526315796 0.78947368421052633 0.84210526315789469 0.89473684210526316 0.94736842105263164 1


# name: y
# type: matrix
# rows: 1
# columns: 20
 0 0.052631578947368418 0.10526315789473684 0.15789473684210525 0.21052631578947367 0.26315789473684209 0.31578947368421051 0.36842105263157893 0.42105263157894735 0.47368421052631576 0.52631578947368429 0.57894736842105265 0.63157894736842102 0.68421052631578949 0.73684210526315796 0.78947368421052633 0.84210526315789469 0.89473684210526316 0.94736842105263164 1


# name: n
# type: scalar
20


# name: m
# type: scalar
20


# name: tempo
# type: scalar
0.052660942077636719


