# Created by Octave 6.3.0, Mon Sep 27 12:01:57 2021 GMT <unknown@Rogerio-HP>
# name: u
# type: matrix
# rows: 2500
# columns: 1
 200
 70
 70
 70
 70
 70
 70
 70
 70
 70
 70
 70
 70
 70
 70
 70
 70
 70
 70
 70
 70
 70
 70
 70
 70
 70
 70
 70
 70
 70
 70
 70
 70
 70
 70
 70
 70
 70
 70
 70
 70
 70
 70
 70
 70
 70
 70
 70
 70
 70
 200
 134.88579538773683
 109.09651442753164
 96.927497487034799
 90.233321099133732
 86.082218270623059
 83.270698759661954
 81.24010105420237
 79.702078155201264
 78.494284067788954
 77.518712784746668
 76.712799458147487
 76.034755500173191
 75.455611534940246
 74.954651050152023
 74.516663485879832
 74.13022453070397
 73.786582109366364
 73.478913139371585
 73.201814753572393
 72.950948078110514
 72.722783797139314
 72.514417164248655
 72.323431350243226
 72.147795041818284
 71.985784705107406
 71.835924872131528
 71.696941772271458
 71.567726964640372
 71.447308547784544
 71.334828168074822
 71.229522506266719
 71.130708251301414
 71.037769810366115
 70.950149180839901
 70.867337541064032
 70.788868215431577
 70.714310743903411
 70.643265842994097
 70.575361089030665
 70.510247188339065
 70.447594725345041
 70.387091300156087
 70.328438983330244
 70.271352028219297
 70.215554791240223
 70.160779818235184
 70.106766061153081
 70.053257193939828
 70
 200
 160.47369161129063
 134.58904826493745
 118.39136953912775
 107.93199567806873
 100.83155135708706
 95.766002868657722
 91.992308726791805
 89.077968347691339
 86.759883142148297
 84.870899105255475
 83.300525382513115
 81.973124441799186
 80.835311814148398
 79.848392757901379
 78.983659521966061
 78.219372737703239
 77.538767852816534
 76.928704637962539
 76.378731330649032
 75.880422811325545
 75.426903966938269
 75.012500747081546
 74.632480888096438
 74.282858653797518
 73.960245972162866
 73.661737661239741
 73.384822016900529
 73.127310486012618
 72.887281852487021
 72.66303756500686
 72.453065693365062
 72.256011620789138
 72.070654033317481
 71.895885102533668
 71.730694008110049
 71.574153134949356
 71.425406422703972
 71.283659454845292
 71.148170958729139
 71.018245453428023
 70.893226833012136
 70.772492712815449
 70.655449397525075
 70.541527354561737
 70.430177095595639
 70.320865384236839
 70.213071699768051
 70.106284895861521
 70
 200
 172.45760446329675
 150.42151837653731
 134.13709139933096
 122.28753913245242
 113.55882974026034
 106.98018399421738
 101.89432228206636
 97.865549209334418
 94.603361424009876
 91.910668738896277
 89.650818102269113
 87.726891794411117
 86.068631354861637
 84.624050433243198
 83.353950738833746
 82.228262357587013
 81.22355177123724
 80.321291986879757
 79.506639817499305
 78.767557025294252
 78.094168780414478
 77.47828864115742
 76.913062197718304
 76.392696494309376
 75.912252283738866
 75.467482872336006
 75.054707903187349
 74.670713613348667
 74.312673344193854
 73.978083682945623
 73.664712766400996
 73.370558118509081
 73.093812012756047
 72.83283281098366
 72.586121076053928
 72.352299517514766
 72.130096029097288
 71.918329230295399
 71.715896042926488
 71.521760925865536
 71.33494646329757
 71.154525058474732
 70.97961152956259
 70.809356439328653
 70.64294001814784
 70.479566561575993
 70.31845920071946
 70.1588549566669
 70
 200
 178.97788075351534
 160.53582438832035
 145.47465120701528
 133.5440171128713
 124.15418643052897
 116.71698307838584
 110.75253096397019
 105.8981505933199
 101.88759173661595
 98.526721967007262
 95.67337092395239
 93.222376407325271
 91.094963852177329
 89.231317697883028
 87.585392471251268
 86.12126716981146
 84.810559419848573
 83.630570468003114
 82.562938377327271
 81.592648319186878
 80.707296653940801
 79.896537495242526
 79.151662010207886
 78.465275356141177
 77.831046208593605
 77.243510810221082
 76.697918361269217
 76.190108040123036
 75.716410426804728
 75.273567900696776
 74.858669898467014
 74.46909988838361
 74.102491639656193
 73.756692907989148
 73.429735069263259
 73.119807546542177
 72.82523611623283
 72.544464365253901
 72.276037715725849
 72.018589546777989
 71.770829031865901
 71.531530379976118
 71.299523224391919
 71.07368394643747
 70.852927756190255
 70.636201379377084
 70.422476220935508
 70.210741892084414
 70
 200
 182.96348270086727
 167.30695476489663
 153.71310660109407
 142.28615732793284
 132.8194706370918
 125.00048822723336
 118.5176410511982
 113.10188179638416
 108.53541392494913
 104.64713765222413
 101.30426000176683
 98.403951018946557
 95.866315856116344
 93.628873746521236
 91.642358473591898
 89.867568827547672
 88.273016766560673
 86.833169126885593
 85.52712728211975
 84.337629478543846
 83.250291536393689
 82.25302451552048
 81.335584596065303
 80.489222440465156
 79.706407961203126
 78.980612671159562
 78.306136328513887
 77.677967896528983
 77.091673267864024
 76.543303999359722
 76.029322641009955
 75.546541246293444
 75.092070409070971
 74.663276748833184
 74.257747207554502
 73.873258861561212
 73.50775321546493
 73.159314150683755
 72.826148862012388
 72.506571242328846
 72.198987275534364
 71.901882077050274
 71.61380828408393
 71.333375547824275
 71.059240919347644
 70.790099952309035
 70.524678370003784
 70.261724163285052
 70
 200
 185.61614379930157
 172.05593304725775
 159.81952903814306
 149.09814164844087
 139.86321444048838
 131.97076546763338
 125.23587048128302
 119.4742732536356
 114.52109424965136
 110.23658500990561
 106.50561842110783
 103.23468186098134
 100.34824794961749
 97.785344222028257
 95.496612742622418
 93.441907606110675
 91.588380277869405
 89.908972890120367
 88.38123908753073
 86.986422300622749
 85.708734152936742
 84.534787734886606
 83.453150611152296
 82.453990537514088
 81.528793176806232
 80.670135948161715
 79.871505833797713
 79.127151770479827
 78.4319643819438
 77.781377429017411
 77.171286591365273
 76.597982143021738
 76.058092813833071
 75.548538693437322
 75.066491473012519
 74.609340662381527
 74.17466468849041
 73.760205992636287
 73.363849410890438
 72.983603254687594
 72.617582613980886
 72.263994489421762
 71.921124427129286
 71.587324383180558
 71.261001587630673
 70.940608211708138
 70.624631668421003
 70.311585397367395
 70
 200
 187.49331277844379
 175.52361018146158
 164.44834407237187
 154.45660961962261
 145.59357755749227
 137.80929911947445
 131.0038075131319
 125.05885218204003
 119.85664753991504
 115.28924797778444
 111.26215115097835
 107.69475207085533
 104.51928969605768
 101.6792148542757
 99.127459832749977
 96.824831969825155
 94.738615260713331
 92.841395018587306
 91.110089537021636
 89.525161211634881
 88.06997761966602
 86.730295299143449
 85.493842720920796
 84.349982923105998
 83.289439923476735
 82.304076149179096
 81.386710702376874
 80.530970365638154
 79.731166915633366
 78.982195633625338
 78.279450943995258
 77.618755934815525
 76.996303163827207
 76.408604666305962
 75.852449487557649
 75.3248673851718
 74.823097602632785
 74.344561820435842
 73.8868405543883
 73.447652401802017
 73.024835641450153
 72.616331777672997
 72.220170686952514
 71.834457079835303
 71.457358034781819
 71.087091395328002
 70.721914849402069
 70.360115530940234
 70
 200
 188.88243229035405
 178.14080068624085
 168.03296453650441
 158.72155079769462
 150.27667125594701
 142.6972880467288
 135.93661593633277
 129.9236120550394
 124.57816070126303
 119.82047087088765
 115.57617153656105
 111.77858518059799
 108.36932095641939
 105.29795984154983
 102.52131115112907
 100.00251753789819
 97.710157239820404
 95.617415670549946
 93.701355037554364
 91.942287484694148
 90.323245836448237
 88.829541174119598
 87.448395129298916
 86.168635179784772
 84.980442405216905
 83.875142585861923
 82.845032947649017
 81.883238150849564
 80.983590245472669
 80.140528268609842
 79.349013950595534
 78.604460647907601
 77.90267315254242
 77.239796460204417
 76.612271930733016
 76.016799558787923
 75.450305303439606
 74.909912612227814
 74.3929174268049
 73.896766080214604
 73.419035595602253
 72.957415977073126
 72.509694149006293
 72.073739253193438
 71.647489055939658
 71.228937251515475
