# Created by Octave 6.3.0, Mon Sep 27 12:01:59 2021 GMT <unknown@Rogerio-HP>
# name: u
# type: matrix
# rows: 2500
# columns: 1
 200
 196.54329435829152
 193.13929312906046
 189.7865785691877
 186.48375429609922
 183.22944470618279
 180.02229440185826
 176.86096762706384
 173.74414771092302
 170.67053651935979
 167.63885391443515
 164.64783722117841
 161.69624070169138
 158.78283503630755
 155.90640681158857
 153.06575801494603
 150.25970553567751
 147.48708067220898
 144.74672864533864
 142.03750811727937
 139.35829071629931
 136.70796056676295
 134.08541382437642
 131.48955821644404
 128.91931258694419
 126.37360644623519
 123.85137952520391
 121.35158133367084
 118.87317072286815
 116.41511545180839
 113.9763917573633
 111.55598392787337
 109.15288388011101
 106.76609073942073
 104.39461042286185
 102.03745522517963
 99.693643407432944
 97.362198788106667
 95.042150336538896
 92.732531768493189
 90.432381143707985
 88.140740465255035
 85.85665528054021
 83.579174283780603
 81.307348919792247
 79.04023298892335
 76.776882252968647
 74.516354041900655
 72.257706861254107
 70
 200
 196.54329435829155
 193.13929312906049
 189.7865785691877
 186.48375429609922
 183.22944470618279
 180.02229440185829
 176.8609676270639
 173.74414771092304
 170.67053651935979
 167.63885391443517
 164.64783722117843
 161.69624070169141
 158.78283503630757
 155.9064068115886
 153.06575801494608
 150.25970553567754
 147.487080672209
 144.74672864533866
 142.03750811727937
 139.35829071629934
 136.70796056676295
 134.08541382437645
 131.48955821644407
 128.91931258694419
 126.37360644623519
 123.85137952520392
 121.35158133367085
 118.87317072286817
 116.4151154518084
 113.97639175736332
 111.55598392787338
 109.15288388011102
 106.76609073942076
 104.39461042286187
 102.03745522517964
 99.693643407432944
 97.362198788106681
 95.042150336538896
 92.732531768493189
 90.432381143708
 88.140740465255035
 85.856655280540195
 83.579174283780588
 81.307348919792261
 79.040232988923378
 76.776882252968662
 74.516354041900655
 72.257706861254107
 70
 200
 196.54329435829155
 193.13929312906052
 189.7865785691877
 186.48375429609922
 183.22944470618279
 180.02229440185829
 176.86096762706396
 173.74414771092307
 170.67053651935984
 167.63885391443523
 164.64783722117846
 161.69624070169147
 158.78283503630763
 155.90640681158865
 153.06575801494614
 150.2597055356776
 147.48708067220906
 144.74672864533872
 142.0375081172794
 139.35829071629934
 136.70796056676298
 134.08541382437647
 131.48955821644407
 128.91931258694419
 126.37360644623519
 123.85137952520391
 121.35158133367085
 118.87317072286815
 116.41511545180842
 113.97639175736332
 111.55598392787338
 109.15288388011103
 106.76609073942076
 104.39461042286189
 102.03745522517966
 99.693643407432958
 97.362198788106667
 95.042150336538896
 92.732531768493189
 90.432381143708
 88.140740465255021
 85.856655280540195
 83.579174283780617
 81.307348919792275
 79.040232988923393
 76.776882252968676
 74.516354041900655
 72.257706861254121
 70
 200
 196.54329435829158
 193.13929312906055
 189.78657856918772
 186.48375429609925
 183.22944470618282
 180.02229440185832
 176.86096762706399
 173.7441477109231
 170.67053651935984
 167.63885391443526
 164.64783722117849
 161.69624070169149
 158.78283503630766
 155.90640681158871
 153.0657580149462
 150.25970553567765
 147.48708067220909
 144.74672864533875
 142.0375081172794
 139.35829071629934
 136.70796056676298
 134.08541382437647
 131.4895582164441
 128.91931258694419
 126.37360644623519
 123.8513795252039
 121.35158133367084
 118.87317072286814
 116.4151154518084
 113.9763917573633
 111.55598392787341
 109.15288388011102
 106.76609073942078
 104.39461042286189
 102.03745522517966
 99.693643407432944
 97.362198788106667
 95.042150336538882
 92.732531768493189
 90.432381143707985
 88.140740465255021
 85.85665528054021
 83.579174283780617
 81.30734891979229
 79.040232988923407
 76.77688225296869
 74.516354041900669
 72.257706861254107
 70
 200
 196.54329435829158
 193.13929312906055
 189.78657856918772
 186.48375429609928
 183.22944470618285
 180.02229440185832
 176.86096762706399
 173.74414771092313
 170.6705365193599
 167.63885391443529
 164.64783722117855
 161.69624070169155
 158.78283503630772
 155.90640681158874
 153.06575801494623
 150.25970553567768
 147.48708067220912
 144.74672864533878
 142.03750811727946
 139.35829071629936
 136.70796056676298
 134.08541382437645
 131.48955821644407
 128.91931258694419
 126.37360644623517
 123.85137952520391
 121.35158133367081
 118.87317072286812
 116.41511545180839
 113.9763917573633
 111.55598392787338
 109.15288388011103
 106.76609073942076
 104.39461042286187
 102.03745522517966
 99.693643407432958
 97.362198788106667
 95.042150336538882
 92.73253176849316
 90.432381143707971
 88.140740465255021
 85.856655280540195
 83.579174283780617
 81.307348919792304
 79.040232988923421
 76.776882252968704
 74.516354041900684
 72.257706861254107
 70
 200
 196.54329435829158
 193.13929312906055
 189.78657856918775
 186.48375429609928
 183.22944470618285
 180.02229440185837
 176.86096762706401
 173.74414771092316
 170.67053651935993
 167.63885391443534
 164.64783722117858
 161.69624070169161
 158.78283503630774
 155.90640681158877
 153.06575801494625
 150.25970553567774
 147.4870806722092
 144.74672864533881
 142.03750811727946
 139.35829071629936
 136.70796056676301
 134.08541382437645
 131.48955821644407
 128.91931258694416
 126.37360644623517
 123.8513795252039
 121.35158133367081
 118.87317072286811
 116.41511545180835
 113.97639175736327
 111.55598392787338
 109.15288388011103
 106.76609073942078
 104.39461042286189
 102.03745522517967
 99.693643407432958
 97.362198788106681
 95.042150336538882
 92.732531768493175
 90.432381143707971
 88.140740465255021
 85.856655280540181
 83.579174283780617
 81.307348919792304
 79.040232988923421
 76.776882252968704
 74.516354041900698
 72.257706861254107
 70
 200
 196.5432943582916
 193.13929312906058
 189.78657856918775
 186.48375429609931
 183.22944470618287
 180.02229440185837
 176.86096762706401
 173.74414771092319
 170.67053651935996
 167.63885391443537
 164.64783722117861
 161.69624070169161
 158.7828350363078
 155.90640681158882
 153.06575801494628
 150.25970553567777
 147.4870806722092
 144.74672864533881
 142.03750811727946
 139.35829071629936
 136.70796056676301
 134.08541382437645
 131.48955821644407
 128.91931258694419
 126.37360644623517
 123.85137952520388
 121.35158133367078
 118.87317072286807
 116.4151154518083
 113.97639175736327
 111.55598392787337
 109.15288388011103
 106.76609073942078
 104.39461042286189
 102.03745522517967
 99.693643407432958
 97.362198788106681
 95.042150336538882
 92.732531768493175
 90.432381143707971
 88.140740465255021
 85.856655280540195
 83.579174283780617
 81.30734891979229
 79.040232988923421
 76.77688225296869
 74.516354041900684
 72.257706861254107
 70
 200
 196.5432943582916
 193.13929312906058
 189.78657856918778
 186.48375429609931
 183.2294447061829
 180.0222944018584
 176.86096762706404
 173.74414771092322
 170.67053651936001
 167.63885391443546
 164.64783722117869
 161.69624070169166
 158.78283503630783
 155.90640681158885
 153.06575801494631
 150.2597055356778
 147.48708067220923
 144.74672864533881
 142.03750811727946
 139.35829071629936
 136.70796056676301
 134.08541382437647
 131.48955821644407
 128.91931258694416
 126.37360644623516
 123.85137952520387
 121.35158133367079
 118.87317072286808
 116.41511545180832
 113.97639175736326
 111.55598392787336
 109.15288388011102
 106.76609073942078
 104.39461042286189
 102.03745522517967
 99.693643407432958
 97.362198788106681
 95.042150336538882
 92.73253176849316
 90.432381143707971
 88.140740465255007
 85.856655280540181
 83.579174283780603
 81.30734891979229
 79.040232988923421
 76.776882252968704
 74.516354041900698
 72.257706861254121
 70
 200
 196.5432943582916
 193.1392931290606
 189.78657856918781
 186.48375429609936
 183.22944470618293
 180.02229440185843
 176.86096762706407
 173.74414771092322
