# Created by Octave 6.3.0, Mon Sep 27 17:52:34 2021 GMT <unknown@LAPTOP-7NASCU26>
# name: u
# type: matrix
# rows: 2500
# columns: 1
 200
 70
 70
 70
 70
 70
 70
 70
 70
 70
 70
 70
 70
 70
 70
 70
 70
 70
 70
 70
 70
 70
 70
 70
 70
 70
 70
 70
 70
 70
 70
 70
 70
 70
 70
 70
 70
 70
 70
 70
 70
 70
 70
 70
 70
 70
 70
 70
 70
 70
 200
 134.87803131381227
 109.08096469056258
 96.904127116605508
 90.20209821112482
 86.043138707632721
 83.223818181222128
 81.185572264583939
 79.640188989124425
 78.425488195662112
 77.443643678335008
 76.632258408458
 75.949669525229965
 75.366965733147509
 74.86340888873913
 74.423692685518645
 74.036243301110787
 73.69213297069561
 73.384363737862557
 73.107379446361037
 72.856721435600477
 72.628776594386423
 72.420586642643059
 72.229700895129611
 72.054064669247865
 71.891941451388476
 71.741864842201124
 71.602606254237529
 71.473144421575483
 71.352629545596542
 71.240343039629337
 71.13566054757402
 71.038027484089284
 70.946949117795199
 70.861984489585055
 70.782727691547137
 70.708768474407051
 70.639644378028748
 70.574814686650782
 70.513678901337343
 70.455624925651534
 70.400078219550707
 70.346533606474566
 70.294566336050579
 70.243827684707654
 70.194032390407116
 70.144943694060771
 70.096359355607078
 70.048100015817639
 70
 200
 160.45818181887799
 134.5579772850565
 118.34465094878986
 107.86954105533441
 100.75332029520499
 95.6720693820685
 91.882940601968613
 88.953710568716929
 86.621629273121371
 84.719928335658253
 83.138482720316375
 81.801931955784681
 80.657019822966276
 79.665002712670514
 78.796960989827966
 78.030828603707207
 77.349462591818579
 76.739352098632594
 76.189726814166164
 75.691919506500653
 75.238893166688356
 74.824877238758319
 74.445080923727531
 74.095471834292255
 73.772624274717799
 73.473637137914949
 73.196083227665071
 72.937955440995779
 72.697594082091655
 72.473598659698965
 72.264744661391063
 72.069932602301606
 71.888178895306453
 71.718620159614119
 71.560483802900961
 71.412997025251144
 71.275260758544846
 71.146174873603854
 71.024489936779332
 70.908932346368559
 70.798320975905781
 70.691634199162635
 70.588026737874742
 70.486813564927999
 70.387438996017238
 70.289443398281378
 70.192433845559293
 70.096060740989543
 70
 200
 172.43439388772981
 150.37499963588346
 134.06709355305216
 122.19386716982287
 113.44134058234629
 106.83889069035395
 101.72952428688328
 97.677977500852691
 94.394312786814339
 91.682088419854665
 89.405284269128131
 87.467471178181199
 85.798617465782229
 84.346646556359289
 83.071983831213814
 81.943992301261829
 80.938597694901873
 80.036662144518374
 79.222834183851845
 78.484707254906453
 77.812181290109592
 77.196957750187067
 76.632125072387453
 76.111823205350191
 75.631017947359965
 75.185422953072418
 74.771465224212434
 74.386223670902069
 74.027316211472268
 73.692743092526655
 73.380730086577486
 73.08964148112365
 72.818000115048974
 72.564549244149859
 72.328240265971516
 72.108063568702391
 71.90275789463783
 71.710611486398619
 71.529600318825857
 71.357672111213532
 71.192971633741521
 71.033943537286419
 70.879337760453097
 70.728163595616735
 70.579627996131734
 70.433077608674537
 70.287952034733408
 70.143749111219705
 70
 200
 178.94705731726896
 160.47400945269573
 145.38153996189956
 133.4192318755515
 123.99737719382107
 116.52797165492836
 110.53150348317372
 105.64589004841852
 101.6057160170633
 98.217858728642554
 95.341176925702598
 92.871326103736607
 90.729912321226422
 88.856957495469189
 87.205779868839443
 85.739533665937159
 84.428829535052415
 83.250044801497054
 82.184081768873369
 81.21542786142733
 80.33142070847741
 79.521644882937366
 78.777400644800778
 78.091223499724819
 77.456546636577428
 76.867731195827304
 76.320118327685918
 75.809984638943959
 75.334381349894471
 74.890865414478895
 74.477199162116804
 74.091189935010973
 73.730804517298139
 73.394404553101097
 73.080834144203635
 72.789137082938524
 72.517888250492547
 72.264625316455508
 72.026264808933078
 71.799749607022363
 71.582446775047543
 71.372261186166313
 71.167583409168827
 70.96717833608767
 70.770073195295538
 70.575467379399441
 70.382667503523678
 70.191043539672862
 70
 200
 182.92520162932385
 167.23012269891817
 153.59722085966072
 142.13055685091305
 132.62345419898199
 124.76349383281234
 118.23950903512744
 112.7832094608261
 108.17796606790007
 104.25420609619317
 100.88079302734467
 97.956269739983526
 95.401382085940682
 93.153345028660908
 91.161810571812495
 89.386088366202586
 87.793151486218079
 86.356124192174221
 85.053094815043323
 83.866172862082436
 82.780731765161491
 81.784766127943868
 80.868264851202554
 80.022493451154546
 79.239319503829321
 78.511697228820566
 77.833924537610756
 77.201635025968471
 76.611580867856375
 76.061175065212083
 75.54787593508297
 75.068818531998033
 74.621177320474359
 74.202844052922302
 73.812837821052554
 73.450924024783262
 73.116081391091413
 72.804679920879252
 72.511927918796744
 72.233364316238493
 71.965463751466984
 71.705642560516111
 71.452042644434357
 71.203295967399953
 70.95833979975707
 70.716290888312884
 70.476366438674461
 70.237837112269474
 70
 200
 185.57065907154939
 171.96455453191783
 159.68148159490858
 148.91236235069542
 139.62847115669842
 131.68584906105073
 124.89992078770223
 119.08729160458668
 114.08463355802081
 109.7544732023249
 105.98438098557821
 102.68322133713957
 99.776580754968862
 97.202873170512731
 94.910842772223347
 92.857931913423258
 91.008974576760124
 89.335017879262963
 87.812269783318698
 86.42121217240441
 85.145890449091496
 83.97333128657985
 82.892922844239365
 81.895340249507882
 80.970388811844259
 80.109358741417168
 79.305510343702196
 78.554049490960452
 77.851885708346259
 77.196902481191557
 76.586621633206178
 76.017142065508793
 75.484166868275608
 74.984706972726684
 74.518337083051151
 74.087077090191627
 73.692131194695847
 73.327253187086285
 72.984448829851985
 72.657246168557649
 72.341219956211333
 72.033513048401844
 71.732253406435277
 71.436124253821873
 71.144098289960681
 70.855288265653073
 70.568868653939859
 70.284037528253378
 70
 200
 187.44101451024184
 175.41842229854336
 164.28914035814125
 154.24180625688419
 145.32121879580592
 137.47720219921032
 130.60989888977232
 124.60184713141635
 119.33716430419284
 114.71122963439798
 110.6340236228946
 107.02926620511103
 103.83124816753821
 100.98205393593148
 98.43113062796877
 96.135342110066148
 94.058547121670927
 92.170755866872668
 90.447172954520539
 88.867354787273172
 87.414594731507648
 86.075565289435971
 84.840124803429859
 83.700505928091445
 82.642105844172804
 81.654049059744551
 80.728584285929841
 79.860729588653285
 79.048280249814937
 78.290924978427
 77.587309333687443
 76.931467326875051
 76.315925232205302
 75.735555982856226
 75.190608304578191
 74.688618297757358
 74.239650857683785
 73.829138581005154
 73.442611047395346
 73.071058296697032
 72.70963195844142
 72.355783214654721
 72.008055150722555
 71.665447487374109
 71.327117349686034
 70.992251452083892
 70.660019313063543
 70.329562646482728
 70
 200
 188.82389004634732
 178.02288584231016
 167.85412206122021
 158.47958965627899
 149.9687663404415
 142.31994584121571
 135.48586904712846
 129.39577502121242
 123.97149548281719
 119.13787932806059
 114.82814145808753
 110.983994127776
 107.55118225651024
 104.47586759025764
 101.70812506417805
 99.204643967584829
 96.929136152527335
 94.851519479494328
 92.946827487637464
 91.194297414269926
 89.576821417672406
 88.080905698696114
 86.697685961949901
 85.430158981822501
 84.248738052545534
 83.141001198803565
 82.098516533246126
 81.116111254017326
 80.193349270376217
 79.334660962291252
 78.543383458437972
 77.808379584606314
 77.115141290269648
 76.453372241566043
 75.822083707336319
 75.239089715876091
 74.750481142723544
 74.308634041759831
 73.88723230587037
 73.476023087069521
 73.071594909292372
 72.672913868572692
 72.279572835596738
 71.891186842699284
 71.507224904581491
