# Created by Octave 6.3.0, Thu Sep 23 16:49:34 2021 GMT <unknown@Rogerio-HP>
# name: u
# type: matrix
# rows: 2500
# columns: 1
 70
 69.999641295996398
 69.999284312881656
 69.998930755094975
 69.998582294617989
 69.99824055583187
 69.997907101626225
 69.997583421095101
 69.997270919090397
 69.996970907829322
 69.996684600672026
 69.996413108104349
 69.996157435880306
 69.995918485204342
 69.995697054766723
 69.995493844388847
 69.995309459991489
 69.995144419566643
 69.99499915981589
 69.994874043112702
 69.994769364452154
 69.994685358070299
 69.994622203441864
 69.994580030401906
 69.994558923179454
 69.994558923179454
 69.994580030401892
 69.994622203441821
 69.994685358070242
 69.994769364452068
 69.994874043112617
 69.994999159815848
 69.995144419566628
 69.995309459991503
 69.995493844388875
 69.995697054766751
 69.995918485204413
 69.996157435880392
 69.996413108104463
 69.996684600672154
 69.996970907829464
 69.997270919090539
 69.997583421095243
 69.997907101626367
 69.998240555831984
 69.998582294618089
 69.99893075509506
 69.999284312881727
 69.99964129599644
 70
 70
 69.999632105219931
 69.999265983615302
 69.998903391127541
 69.998546049699698
 69.998195631431173
 69.99785374406224
 69.997521918143335
 69.997201596174577
 69.996894123921933
 69.996600744030616
 69.996322591969488
 69.99606069425478
 69.995815968822853
 69.995589227351005
 69.99538117926609
 69.99519243713506
 69.995023523098439
 69.994874875989851
 69.994746858779166
 69.994639765985468
 69.994553830724868
 69.994489231087911
 69.994446095579889
 69.994424507401831
 69.994424507401817
 69.994446095579846
 69.994489231087883
 69.994553830724797
 69.994639765985383
 69.994746858779081
 69.994874875989794
 69.995023523098425
 69.995192437135046
 69.995381179266104
 69.995589227351033
 69.99581596882291
 69.996060694254851
 69.996322591969601
 69.996600744030744
 69.996894123922061
 69.997201596174705
 69.997521918143462
 69.997853744062368
 69.998195631431273
 69.998546049699783
 69.998903391127612
 69.999265983615373
 69.999632105219973
 70
 70
 69.999620988042409
 69.999243819519322
 69.998870319370141
 69.998502276061771
 69.998141424623753
 69.997789431147396
 69.997447879137354
 69.997118258026674
 69.996801954077128
 69.996500243792298
 69.996214289873066
 69.995945139652676
 69.995693725861045
 69.995460869491836
 69.995247284482346
 69.995053583867289
 69.994880287033794
 69.994727827686972
 69.994596562131406
 69.994486777485051
 69.994398699463673
 69.99433249940769
 69.994288300264841
 69.99426618129182
 69.994266181291806
 69.994288300264827
 69.994332499407648
 69.994398699463616
 69.99448677748498
 69.994596562131335
 69.994727827686916
 69.994880287033766
 69.995053583867275
 69.99524728448236
 69.995460869491879
 69.995693725861102
 69.995945139652747
 69.996214289873166
 69.996500243792411
 69.996801954077256
 69.997118258026788
 69.997447879137482
 69.99778943114751
 69.998141424623853
 69.998502276061856
 69.998870319370212
 69.999243819519378
 69.999620988042437
 70
 70
 69.999607869574518
 69.999217672105459
 69.998831320267755
 69.998450686761799
 69.99807758577083
 69.997713756079506
 69.997360846291258
 69.997020402491856
 69.996693858603493
 69.996382529563988
 69.996087607355548
 69.995810159800357
 69.995551131943259
 69.995311349756307
 69.995091525830816
 69.994892266669581
 69.994714081157227
 69.994557389769298
 69.994422534079703
 69.994309786140363
 69.994219357333932
 69.994151406339256
 69.994106045896345
 69.994083348112667
 69.994083348112667
 69.994106045896316
 69.994151406339213
 69.994219357333861
 69.994309786140278
 69.994422534079632
 69.994557389769241
 69.994714081157198
 69.994892266669581
 69.995091525830816
 69.995311349756321
 69.995551131943316
 69.995810159800428
 69.996087607355634
 69.996382529564087
 69.996693858603606
 69.99702040249197
 69.997360846291357
 69.997713756079605
 69.998077585770915
 69.998450686761856
 69.998831320267797
 69.999217672105502
 69.999607869574547
 70
 70
 69.999592654830593
 69.999187353226063
 69.998786116086535
 69.998390919668509
 69.998003674945963
 69.997626208903668
 69.997260248266898
 69.996907406064153
 69.996569171295803
 69.996246901853027
 69.995941820700125
 69.995655015210303
 69.995387439432349
 69.99513991896869
 69.994913158069267
 69.994707748487173
 69.994524179607367
 69.994362849343517
 69.994224075301531
 69.99410810572779
 69.994015129794491
 69.993945286820022
 69.993898674077244
 69.993875352904993
 69.993875352904993
 69.993898674077215
 69.993945286819965
 69.994015129794406
 69.994108105727705
 69.99422407530146
 69.994362849343474
 69.994524179607353
 69.994707748487173
 69.994913158069281
 69.995139918968718
 69.995387439432392
 69.995655015210374
 69.995941820700196
 69.996246901853112
 69.996569171295903
 69.996907406064253
 69.997260248267011
 69.997626208903753
 69.998003674946048
 69.998390919668552
 69.998786116086563
 69.999187353226091
 69.999592654830607
 70
 70
 69.999575226865318
 69.999152631419861
 69.998734365609494
 69.998322530708819
 69.997919153985222
 69.997526167654627
 69.997145390720775
 69.996778514157882
 69.996427089745964
 69.996092522712601
 69.99577606817779
 69.995478831252143
 69.995201770507336
 69.994945704426485
 69.994711320355677
 69.994499185416089
 69.994309758799957
 69.994143404861347
 69.994000406422131
 69.993880977741256
 69.993785276638903
 69.993713415322645
 69.993665469527286
 69.993641485651679
 69.993641485651665
 69.99366546952723
 69.993713415322574
 69.993785276638818
 69.993880977741171
 69.994000406422074
 69.994143404861319
 69.994309758799957
 69.994499185416103
 69.994711320355691
 69.994945704426513
 69.995201770507393
 69.9954788312522
 69.995776068177847
 69.996092522712672
 69.996427089746049
 69.996778514157967
 69.99714539072086
 69.997526167654698
 69.997919153985279
 69.998322530708833
 69.998734365609508
 69.999152631419889
 69.999575226865332
 70
 70
 69.999555444295709
 69.999113227055417
 69.998675657094722
 69.998244984917577
 69.997823375973439
 69.997412886674638
 69.997015443878595
 69.996632828373919
 69.996266662724992
 69.995918403636196
 69.995589338807704
 69.995280588077421
 69.994993108488771
 69.994727702794847
 69.994485030812129
 69.99426562297009
 69.994069895368682
 69.993898165648176
 69.993750668994906
 69.993627573645441
 69.993528995307599
 69.993455009985027
 69.993405664769156
 69.993380986245228
 69.993380986245199
 69.993405664769099
 69.993455009984956
 69.993528995307528
 69.993627573645384
 69.993750668994863
 69.993898165648162
 69.994069895368696
 69.994265622970104
 69.994485030812143
 69.99472770279489
 69.994993108488814
 69.995280588077478
 69.995589338807761
 69.995918403636281
 69.996266662725063
 69.99663282837399
 69.997015443878666
 69.997412886674695
 69.997823375973468
 69.998244984917591
 69.998675657094736
 69.999113227055432
 69.999555444295723
 70
 70
 69.999533138107751
 69.999068806076536
 69.998609499216684
 69.9981576449416
 69.99771557176733
 69.997285481676982
 69.996869426697913
 69.996469290330367
 69.996086774234541
 69.995723390342675
 69.995380458329322
 69.995059108158443
 69.994760287239529
 69.994484771576467
 69.994233180181112
 69.994005991954822
 69.993803564208676
 69.99362615199567
 69.993473927460428
 69.993346998466222
 69.993245425832029
 69.993169238597289
 69.993118446823743
 69.993093051541081
 69.993093051541067
 69.993118446823715
 69.993169238597261
 69.993245425832001
 69.993346998466208
 69.993473927460442
 69.993626151995684
 69.993803564208704
 69.994005991954864
 69.994233180181141
 69.994484771576509
 69.994760287239572
 69.995059108158486
 69.995380458329393
 69.995723390342732
 69.996086774234612
 69.996469290330438
 69.99686942669797
 69.997285481677025
 69.997715571767344
 69.9981576449416
 69.998609499216684
 69.999068806076551
 69.999533138107751
 70
 70
 69.999508107613991
 69.999018972090425
 69.998535309619825
 69.998059756536591
 69.997594833028657
 69.997142910989837
 69.996706187043443
 69.9962866614988
