# Created by Octave 6.3.0, Fri Sep 24 11:15:29 2021 GMT <unknown@Rogerio-HP>
# name: u
# type: matrix
# rows: 400
# columns: 1
 200
 191.00009928924442
 182.34194113512547
 174.00780464396473
 165.98029846999171
 158.24209884740958
 150.77575650744495
 143.5635738445219
 136.587543625075
 129.82933398691233
 123.2703020938027
 116.89152015350874
 110.6738015059545
 104.59771985514318
 98.643620231521027
 92.79162490388137
 87.021640431215388
 81.313372870221102
 75.646356732294961
 70
 200
 190.9935370630489
 182.32911598500695
 173.98928458894864
 165.95686532156483
 158.21467951173778
 150.74535238859573
 143.53119861391136
 136.55417607322315
 129.79588846896988
 123.2376153046817
 116.8603502683964
 110.6448343194774
 104.57157638710956
 98.620861143936054
 92.772748743932326
 87.007074878078939
 81.303460430172947
 75.641338204038533
 70
 200
 190.9800951304735
 182.3028621390128
 173.9514113653382
 165.90900720677672
 158.15876348248833
 150.68344625754534
 143.46537968009108
 136.48643418347717
 129.72806809130876
 123.17139300613037
 116.79723836037316
 110.58619868520117
 104.51865636945809
 98.574781377014887
 92.734516456325849
 86.977560917737634
 81.283367293090592
 75.631162629320642
 70
 200
 190.95910623709125
 182.26191433600545
 173.89244557471824
 165.83466457795581
 158.07212805495297
 150.58778933013514
 143.36394487230058
 136.38228583716236
 129.62400841882194
 123.06993944546014
 116.70064372099002
 110.49649283466835
 104.43768857523658
 98.504246057389452
 92.675951286497579
 86.932314298074914
 81.252541060208969
 75.615543808600322
 70
 200
 190.92948225816608
 182.20421822515522
 173.80958272753659
 165.73054746035584
 157.95126194295835
 150.45487300923239
 143.22354886583668
 136.23864032235215
 129.48090375958046
 122.93072077840638
 116.56826890750553
 110.37361900775724
 104.32675429864163
 98.40752212116162
 92.595542603691769
 86.870107845578659
 81.210109314920999
 75.594027067887183
 70
 200
 190.88958928581445
 182.12670858784665
 173.69868082090747
 165.59186216488496
 157.79113155184336
 150.27975858223559
 143.03957257487951
 136.05130936511819
 129.29501256516681
 122.75039349631045
 116.3970900976816
 110.21479827001333
 104.18327545245718
 98.282236721935121
 92.491180692287429
 86.789196766307228
 81.154814220399572
 75.565951067883091
 70
 200
 190.83704050579306
 182.0249463203069
 173.55382376685463
 165.41188622855202
 157.584832247355
 150.05583879570793
 142.80599917213061
 135.81497961404415
 129.06169575202699
 122.52487351766116
 116.18342351218153
 110.01660685531519
 104.00400303295739
 98.125312767878441
 92.360049116806408
 86.687191777230026
 81.084899494870385
 75.530381130247932
 70
 200
 190.76835506111121
 181.89253083159275
 173.36663439506731
 165.18132558893222
 157.32308967715977
 149.77452650741441
 142.51528437195768
 135.52322712982061
 128.77552311664311
 122.2494795747175
 115.92305549915444
 109.7750519325776
 103.78501097039745
 97.932871653465455
 92.198450424059175
 86.560846638906213
 80.997916944387555
 75.485993573557536
 70
 200
 190.67838728672984
 181.72013915883738
 173.12519156018891
 164.88735223663645
 156.99356658010973
 149.4248752527198
 142.15825804237639
 135.16862620093067
 128.43050309343289
 121.91920156589531
 115.61147765719417
 109.48571460470261
 103.521704550596
 97.70008882729816
 92.001525839479811
 86.405702331385513
 80.890393214106396
 75.430872877693133
 70
 200
 190.55934408842992
 181.49392102653022
 172.81230580079688
 164.51217106838598
 156.57992856273196
 148.99316338583392
 141.72413071520606
 134.74303904834477
 128.02051883955184
 121.52916644118928
 115.24428654256234
 109.14400298925899
 103.20886170732813
 97.420984813649383
 91.762807830133497
 86.215488791862327
 80.757247997181295
 75.362148692298931
 70
 200
 190.39902744236679
 181.19274248472314
 172.40273817910949
 164.03090424143511
 156.06064681372496
 148.46253663978544
 141.20074418680431
 134.23822403616234
 127.5400884340759
 121.07539888999203
 114.81782951624275
 108.74558124368743
 102.84074578247657
 97.088139296523806
 91.473516661775506
 85.981115260250007
 80.590759761363856
 75.275327491806877
 70
 200
 190.17753850778874
 180.78329642796291
 171.85866428416173
 163.40853432347134
 155.40761295447581
 147.81293991970313
 140.57531733442022
 133.6469696943613
 126.9856027972845
 120.55599426787852
 114.33020050096262
 108.2870751666708
 102.41137247733226
 96.69234632513708
 91.121487685850695
 85.688964843339804
 80.378685580874773
 75.163014609109879
 70
 200
 189.86073192954481
 180.21111937265178
 171.12224517087924
 162.59570521637087
 154.58491694647327
 147.02184106015798
 139.83611503081332
 132.96504200485333
 126.35721364821639
 119.97281918872605
 113.7827013923964
 107.76720482466398
 101.91510483027271
 96.222325858362737
 90.689631189288448
 85.318030582791891
 80.100752931239199
 75.012347343284489
 70
 200
 189.38629402590934
 179.38349792170123
 170.1036088329667
 161.52362222304291
 153.54881580404754
 146.06674924408597
 138.97571156601239
 132.19428804492782
 125.66150476723212
 119.33379630843166
 113.18186277654155
 107.18855620522915
 101.34792365333654
 95.664859110521036
 90.153992627902753
 84.835205584980969
 79.721928143022936
 74.799506451468361
 70
 200
 188.63165620814192
 178.13597083456165
 168.6623653315701
 160.09988707818562
 152.25141196548006
 144.93133976286859
 137.99676239731394
 131.34717718799826
 124.91490806116759
 118.65565721676278
 112.54201454852044
 106.56024895752478
 100.71001082093369
 95.006288095032147
 89.482102861246887
 84.187965738519281
 79.179178153275885
 74.477045351287472
 70
 200
 187.33297951837966
 176.16590950241391
 166.58329753162346
 158.21173296738129
 150.65344846326033
 143.61800148271863
 136.92117775491758
 130.45268702749783
 124.14741193157245
 117.9666901628283
 111.88813415889946
 105.90168918327601
 100.01065185989374
 94.237449083535068
 88.634132027470358
 83.294678198724398
 78.355200466571048
 73.941898588082296
 70
 200
 184.85937446689192
 172.90547851706435
 163.56072608560407
 155.7546526273903
 148.75606419220739
 142.16996793177458
 135.80263733583786
 129.56244020233825
 123.40535530563145
 117.30842906198119
 111.25817635360163
 105.24717241934358
 99.276590351442152
 93.365864099897877
 87.573916060634019
 82.038241925768304
 77.028191525832014
 72.946267921141242
 70
 200
 179.5172098444973
 167.32096074054164
 159.25864665272488
 152.7276347785718
 146.66434858904202
 140.70308552500973
 134.7392422281045
 128.75407404953364
 122.75107729894857
 116.7345427058134
 110.70325835133903
 104.64987138578405
 98.563771614864621
 92.44022628929855
 86.306107397323743
 80.289528848425107
 74.792524464434223
 70.82314297763439
 70
 200
 166.1918759429779
 157.87209509674591
 153.67251887502613
 149.46205366833931
 144.68297647696943
 139.43463677362462
 133.87650508300109
 128.12629013647057
 122.25646200267994
 116.30486467803698
 110.28319436833249
 104.18126618081838
 97.967522454027531
 91.587323336768037
 84.965927663506079
 78.04974445616979
 71.042510196882674
 65.556059699415371
 70
 200
 127.64465832081515
 144.54643783424615
 148.32905991297307
 146.98520103494602
 143.3777449280546
 138.66831972357258
 133.38279442118133
 127.77913406478525
 121.98837063965335
 116.07352795852995
 110.05497605916965
 103.91916146299876
 97.61520104502759
 91.035415619843263
 83.961992327096567
 75.923309576962737
 65.77460000739184
 50.34627553920928
 70


# name: flag
# type: scalar
0


# name: relres
# type: scalar
0


# name: iter
# type: scalar
0


# name: resvec
# type: scalar
0


