# Created by Octave 6.3.0, Fri Sep 24 11:15:59 2021 GMT <unknown@Rogerio-HP>
# name: u
# type: matrix
# rows: 400
# columns: 1
 42.801151135334933
 70
 70
 70
 70
 70
 70
 70
 70
 70
 70
 70
 70
 70
 70
 70
 70
 70
 70
 70
 56.89659197305938
 64.842495991573401
 67.560531815336347
 68.637221675175283
 69.13124610411333
 69.390575068309062
 69.543457296695408
 69.642740065549319
 69.71250246521484
 69.764704813833816
 69.805744191386822
 69.839276910576146
 69.867530120076793
 69.891949882667362
 69.913536778333608
 69.933026019778922
 69.950987337320072
 69.967883020641096
 69.984104684631703
 70
 62.320178209059804
 64.898573463193088
 66.755652064999268
 67.853333772041452
 68.494781152481735
 68.885908714722007
 69.139249391695245
 69.314010860579415
 69.441768589413115
 69.539920811514335
 69.618456936404286
 69.68338811452675
 69.738526734487721
 69.786433324454819
 69.828931700578806
 69.867394439971065
 69.902904539711557
 69.936351093910801
 69.968491686541199
 70
 64.739894299462108
 65.661836211691636
 66.701182096032838
 67.519733751664717
 68.104466437755093
 68.515943120957985
 68.811236344068632
 69.030385148736343
 69.199093872946136
 69.333478448820273
 69.443717722195899
 69.536414835404869
 69.616031076217965
 69.685733382646234
 69.747888386150123
 69.804348171393855
 69.856616325150384
 69.905948815990101
 69.953423686975583
 70
 65.946249879267157
 66.295677913872666
 66.858368356041737
 67.413082157205267
 67.882156940424935
 68.258050026402429
 68.556074740768778
 68.794513603635792
 68.988524728285583
 69.149335068538349
 69.284979720016196
 69.40123825924789
 69.502385726505338
 69.591710199115639
 69.671841919860157
 69.744951562479443
 69.812866588811119
 69.877143628328014
 69.939125225113344
 70
 66.578592930243303
 66.705995928473143
 67.01482867632501
 67.384903603285835
 67.747162539063879
 68.073199957270802
 68.356499196006425
 68.5997304992556
 68.808354497463327
 68.988000964478815
 69.143647164487149
 69.279514135284643
 69.399184938549311
 69.505748770772499
 69.601908506542671
 69.69004306448555
 69.772236464186435
 69.850293561038271
 69.9257649569645
 70
 66.893981344775966
 66.925759528433517
 67.101777644857577
 67.357297006209222
 67.642149108290724
 67.925750671370253
 68.192438952924462
 68.435675837033884
 68.653860840762576
 68.847863805998372
 69.019721669649527
 69.17199037313479
 69.307426813985316
 69.428822321903908
 69.538897524533226
 69.640217118264133
 69.73511171848881
 69.825614495397247
 69.913435404468046
 70
 67.005512979793821
 66.992767294044114
 67.101197051689297
 67.29303716149478
 67.531854773606241
 67.789468823979433
 68.046823012974031
 68.292339747262233
 68.519820305216115
 68.726680236099781
 68.912669882539177
 69.079005218143578
 69.227791137073439
 69.361633968690001
 69.483364859246393
 69.595819537067655
 69.701645033554769
 69.803134235254205
 69.902122374387105
 70
 66.963890742655252
 66.930269331755824
 67.009176181296112
 67.174301302456357
 67.395927033273878
 67.647323482908988
 67.907634065162071
 68.16230947301402
 68.402300175978681
 68.622839749083397
 68.822260411478652
 69.001018247744199
 69.160959464752096
 69.304789229579697
 69.435677284421146
 69.556931523734619
 69.671688175357332
 69.782609703149291
 69.891648728669324
 70
 66.787684417394303
 66.746739699974498
 66.822652208760218
 66.991237413545861
 67.223015075601126
 67.489746899754891
 67.768284264230957
 68.041873348176694
 68.299805415315802
 68.536303324436034
 68.749251330014516
 68.939080634130875
 69.107915032602051
 69.258960408847756
 69.396060304305067
 69.523313761593002
 69.644656989952892
 69.763365484128357
 69.881562695115036
 70
 66.47445518724814
 66.437341040602547
 66.53465402279717
 66.736646544965566
 67.007456476814909
 67.313411166582554
 67.62770070578091
 67.931670066595231
 68.214035132381852
 68.469262241902271
 68.695896272256306
 68.895199091354201
 69.070188473183279
 69.225024327654452
 69.364616799212385
 69.494285767885259
 69.619276209065148
 69.743977051022341
 69.870908486485476
 70
 66.003019061489823
 65.983646391007042
 66.132377000524585
 66.404198506441048
 66.748463525863315
 67.12129850964871
 67.490865859525897
 67.837341634242549
 68.150455534612675
 68.426573967736857
 68.666259950054084
 68.872570595517686
 69.05003978592346
 69.204184882359598
 69.34133673273665
 69.46853543122144
 69.593130390860082
 69.721648819565601
 69.85773660558425
 70
 65.329516219039235
 65.350722828145308
 65.596295444735432
 65.989346285453522
 66.451893584304429
 66.92447924426753
 67.370172078347011
 67.770384332840962
 68.118748012218575
 68.415959623513416
 68.666304393930034
 68.875660481596412
 69.050583723896267
 69.198134209113718
 69.326185266166334
 69.443916632382212
 69.56193404095896
 69.690980174894193
 69.837995034860953
 70
 64.376054203440447
 64.480554373666919
 64.900537037241435
 65.493887762248562
 66.13545673200538
 66.746033356693189
 67.287674034865432
 67.749099385871062
 68.132981333564345
 68.447824196687606
 68.703643072893968
 68.91006869914024
 69.075870456967777
 69.209361729154878
 69.319486967624343
 69.417471394041911
 69.518495486588449
 69.641486793595377
 69.802814591748913
 70
 63.006516073207457
 63.279614102775867
 64.017284632129886
 64.937728688926185
 65.839307118769824
 66.627509657619726
 67.277877950225957
 67.799122660456888
 68.21108194262024
 68.534413100813808
 68.786783985399396
 68.982081584823433
 69.130907760048075
 69.241765149199438
 69.323044403482214
 69.386372836924593
 69.451755910241147
 69.552663809774899
 69.731230318571846
 70
 60.976429280342764
 61.595485304683052
 62.934686080828513
 64.386412330337478
 65.64500793148305
 66.637478126279149
 67.389664943668834
 67.952334749981361
 68.372855223963441
 68.687902481043352
 68.923637473884625
 69.097746176104465
 69.221506391473284
 69.301646330564637
 69.34267743692142
 69.35151984169741
 69.347972825987611
 69.384943058269528
 69.568698358410614
 70
 57.827365647644335
 59.167930550642907
 61.719990549462324
 64.012676515764042
 65.704770460605275
 66.878415507320824
 67.683738103157438
 68.242023968927654
 68.635594395959373
 68.917069506345499
 69.119135639345501
 69.261259936164791
 69.353568807185539
 69.398701846965182
 69.392678333816534
 69.327259923027185
 69.201866324285263
 69.068733480063599
 69.157425315411643
 70
 52.66335293730161
 55.498874968235214
 60.741732736346428
 64.222947339038285
 66.271083745084724
 67.479028290785294
 68.218431754771018
 68.691558886914194
 69.006649367692248
 69.222645701572105
 69.372135573506085
 69.472542750655734
 69.53101638601477
 69.545248270440695
 69.500391796867092
 69.361111646389958
 69.061288171454024
 68.528119536637192
 67.989935421275987
 70
 43.703339134379938
 49.38231432723228
 61.499471918944465
 65.850293442999572
 67.667259482001697
 68.541198854831052
 69.014466646135105
 69.295505965647891
 69.474046822521927
 69.592575022737918
 69.67247896581253
 69.724298006523583
 69.751406592192637
 69.749623351833861
 69.701144980579798
 69.55373692037881
 69.151454868729331
 67.988443842554673
 64.268628787130723
 70
 27.607471420289013
 36.770458584674863
 70
 70
 70
 70
 70
 70
 70
 70
 70
 70
 70
 70
 70
 70
 70
 70
 51.080259510141303
 70


# name: flag
# type: scalar
0


# name: relres
# type: scalar
0


# name: iter
# type: scalar
0


# name: resvec
# type: scalar
0


