# Created by Octave 6.3.0, Thu Sep 23 16:46:56 2021 GMT <unknown@Rogerio-HP>
# name: u
# type: matrix
# rows: 2500
# columns: 1
 200
 70
 70
 70
 70
 70
 70
 70
 70
 70
 70
 70
 70
 70
 70
 70
 70
 70
 70
 70
 70
 70
 70
 70
 70
 70
 70
 70
 70
 70
 70
 70
 70
 70
 70
 70
 70
 70
 70
 70
 70
 70
 70
 70
 70
 70
 70
 70
 70
 70
 200
 134.88582467591453
 109.09657264872219
 96.927583937540561
 90.233434739798199
 86.082357745974107
 83.270862422587811
 81.240286995482478
 79.702284237103484
 78.494507960866443
 77.518952006924181
 76.713051415178313
 76.035017526570257
 75.455880934536211
 74.954925135517541
 74.516939615920109
 74.130500145857155
 73.786854763934812
 73.479180530625285
 73.202074747366694
 72.951198730854159
 72.723023374031285
 72.51464415377157
 72.323644474955827
 72.147993265531042
 71.98596723655433
 71.836091165269011
 71.697091523345037
 71.567860106163934
 71.447425239577726
 71.334928785504346
 71.229607625840742
 71.130778633772636
 71.037826381512559
 70.950193010112343
 70.867369818316405
 70.78889022598527
 70.714323842236851
 70.643271425393493
 70.575360565583978
 70.510241954700177
 70.447586134735502
 70.387080636104045
 70.32842743366686
 70.271340660860261
 70.215544532269703
 70.160771432782127
 70.106760137503358
 70.053254131264481
 70
 200
 160.47375055500927
 134.58916543526487
 118.39154351530182
 107.93222436220027
 100.83183201299146
 95.76633217189449
 91.992682824527421
 89.078382926774367
 86.760333503628374
 84.871380243491586
 83.301032067000236
 81.973651299892836
 80.835853412972781
 79.848943683881856
 78.984214456614765
 78.21992652849913
 77.53931557824221
 76.929241665981237
 76.379253370114554
 75.880925956008966
 75.427384732021693
 75.012956098108234
 74.632908262476136
 74.283255975047851
 73.960611657123422
 73.662070620529136
 73.385121648904033
 73.127576664692683
 72.887514909308038
 72.663238265264241
 72.453235207212117
 72.256151489267353
 72.070766129721108
 71.895971589479259
 71.73075729073669
 71.574195810745579
 71.42543122854002
 71.283669211881175
 71.148168515963874
 71.018233630748909
 70.893208364687069
 70.772470192438703
 70.655425225472214
 70.541503689024992
 70.430155808252891
 70.320848021552379
 70.2130594508304
 70.106278567534318
 70
 200
 172.45769380421586
 150.42169596556445
 134.13735507152234
 122.28788569148105
 113.5592550180498
 106.98068292775112
 101.89488900521805
 97.866177157217891
 94.604043447106108
 91.911397224086784
 89.651585097887661
 87.727689136509852
 86.069450792061275
 84.624883747783372
 83.354789861738425
 82.22909947619307
 81.224379427680788
 80.322103166478101
 79.507428026290825
 78.768316356291621
 78.09489396838147
 77.478975105928683
 76.91370607624593
 76.39329466173929
 75.912802363899701
 75.467983238067248
 75.055157666953008
 74.671112608582433
 74.3130220978138
 73.978383379467815
 73.664965204080957
 73.37076565795428
 73.093977518487662
 72.832959586484549
 72.586212792923135
 72.352360139457403
 72.130129731607425
 71.918340317032545
 71.71588885993792
 71.52173977495427
 71.334915515970764
 71.154488272018099
 70.979572566860512
 70.809318594079798
 70.642906147102536
 70.479539025340173
 70.318439814528631
 70.158844952335414
 70
 200
 178.97800162165592
 160.53606463495549
 145.47500788136867
 133.54448585921281
 124.1547615703454
 116.71765771614524
 110.75329711346039
 105.89899932105887
 101.88851331850474
 98.527706054227465
 95.674406714098694
 93.2234528168959
 91.096069686802551
 89.232441817028672
 87.586523944563936
 86.122395422745726
 84.811674366705901
 83.631662630993517
 82.563998990715618
 81.593669417990554
 80.708271146992516
 79.897459222714161
 79.152525785908438
 78.466076995054706
 77.83178254021982
 77.24417967832909
 76.698518610686875
 76.190639491171197
 75.716873837961003
 75.273964920049849
 74.859003004510981
 74.469372320713319
 74.102707320164967
 73.756856353247443
 73.429851294869266
 73.119881964385826
 72.825274425794376
 72.544472440262581
 72.276021487719362
 72.018554887318146
 71.770781635362297
 71.53147564923394
 71.299466161114253
 71.073629048963852
 70.852878926729431
 70.636161842885699
 70.422448457602883
 70.21072758510978
 70
 200
 182.96363663621597
 167.30726071997728
 153.71356078189203
 142.28675413533017
 132.82020277400895
 125.00134683641274
 118.51861587960498
 113.10296138156684
 108.53658579828142
 104.64838855374498
 101.30557610134211
 98.405318138675966
 95.867719689273841
 93.630300068813625
 91.64379334310884
 89.868998770418258
 88.274428945989484
 86.834551493881619
 85.52846870682572
 84.338919861601781
 83.251521900227857
 82.254187075776613
 81.33667281371136
 80.490231055239732
 79.70733300720272
 78.981451475395431
 78.306887493262423
 77.678631266259615
 77.092249881475539
 76.543796028405353
 76.029733314559465
 75.546874763080467
 75.092331837615944
 74.663471916324497
 74.257882578414595
 73.873341406820131
 73.507790274304369
 73.159313285789423
 72.826117710667319
 72.506517365475389
 72.19891800730845
 71.901804377524499
 71.613728598124695
 71.333299673052707
 71.059173886177518
 70.790045918906088
 70.524640534766874
 70.261704697091901
 70
 200
 185.61633278158814
 172.05630863222666
 159.82008651366664
 149.09887406253986
 139.86411273669384
 131.97181865887242
 125.23706585706724
 119.47559661452814
 114.52253016246546
 110.2381170768531
 106.50722955615883
 103.23635456699158
 100.34996459028731
 97.787087283431163
 95.498365079827835
 93.44365267127435
 91.590102327023772
 89.910657166725599
 88.382871981606513
 86.987991482946327
 85.710228684345694
 84.536198151157706
 83.454468984240378
 82.455210514134379
 81.529909995443262
 80.67114643560528
 79.872408382262677
 79.127946296283085
 78.432652266612905
 77.781961443612516
 77.171770804729391
 76.598371814653063
 76.058394272109012
 75.548759200025088
 75.066639074477635
 74.60942403025355
 74.174692949356754
 73.760188550195707
 73.363795762290096
 72.983522803865228
 72.617484485110381
 72.263887343884718
 71.921016287678668
 71.587222469096005
 71.260912164666664
 70.940536460490137
 70.624581574643983
 70.311559666698798
 70
 200
 187.49353926598221
 175.52406026487506
 164.449012026785
 154.45748700193769
 145.59465337419323
 137.8105600419085
 131.00523813359629
 125.06043530299996
 119.85836448804697
 115.29107893428379
 111.264075489676
 107.6967486961166
 104.52133737313542
 101.68129252569273
 99.129546915324539
 96.82690862805714
 94.740662653354732
 92.843395516271684
 91.112026909779132
 89.527020785940195
 88.071746405335077
 86.731962086903366
 85.495398151829022
 84.351419531199355
 83.290752153108656
 82.30526034847658
 81.387765094146616
 80.531894996901002
 79.731963586799196
 78.98286780816494
 78.280003639347342
 77.619195595209277
 76.996637515722185
 76.40884255726418
 75.852600709573181
 75.324942483791659
 74.82310767359769
 74.34451829603718
 73.88675498225065
 73.447536219329706
 73.02469994968348
 72.616187118746296
 72.220026829691548
 71.834322818236785
 71.457241004154426
 71.086997910716121
 70.72184977055376
 70.3600821575194
 70
 200
 188.88269926913827
 178.14133118043091
 168.03375169110328
 158.72258450716561
 150.2779383698664
 142.6987726332261
 135.93829959485572
 129.92547426874924
 124.5801792186145
 119.82262210568871
 115.57843097601381
 111.78092779143812
 108.37172158022561
 105.3003935714986
 102.52375368382845
 100.00494549536035
 97.712548458040246
 95.619749452476825
 93.703612369421322
 91.944451215665225
 90.325300822337354
 88.831474386516547
 87.450195731816734
 86.170294573335212
 84.981954244251313
 83.876502767417477
 82.84623957484969
 81.884291472264721
 80.984492571472458
 80.141283865611328
 79.349628913900247
 78.60494275371974
 77.903031689749724
 77.240042042618896
 76.612416290734913
 76.016855323692965
 75.450285756406174
 74.909831440118808
 74.392788458085434
 73.896603016662922
 73.418851742290371
 72.957223975681615
 72.509505720022645
 72.073564952853232
 71.647338053862001
 71.228817134826016
 70.816038084804333
