# Created by Octave 6.3.0, Mon Sep 27 17:52:40 2021 GMT <unknown@LAPTOP-7NASCU26>
# name: u
# type: matrix
# rows: 2500
# columns: 1
 70
 70
 70
 70
 70
 70
 70
 70
 70
 70
 70
 70
 70
 70
 70
 70
 70
 70
 70
 70
 70
 70
 70
 70
 70
 70
 70
 70
 70
 70
 70
 70
 70
 70
 70
 70
 70
 70
 70
 70
 70
 70
 70
 70
 70
 70
 70
 70
 70
 70
 69.942105995412405
 69.940715048431855
 69.939107720468158
 69.937274352579394
 69.935202562195457
 69.932877321566096
 69.930281202140762
 69.927394888914705
 69.924198090375114
 69.920670983279976
 69.916796331881969
 69.912562401027145
 69.907966728834097
 69.902974759438024
 69.897631817003173
 69.89197513592319
 69.886072643679924
 69.880020398398202
 69.873935838618948
 69.867943503616388
 69.862154084915844
 69.856643853998733
 69.85144696178908
 69.84657039819642
 69.842029321697993
 69.837898241316935
 69.834380539392882
 69.831902871899018
 69.831223737388925
 69.833479669323566
 69.839965829053639
 69.851399486910367
 69.867010967509856
 69.885336320904017
 69.904902654389545
 69.924485950630569
 69.943150035162191
 69.960217853548357
 69.975229760663979
 69.987903809910193
 69.998102180075449
 70.005804457462318
 70.01108668105401
 70.014104353287934
 70.015077858558655
 70.014279402837403
 70.012021205331934
 70.00864500407566
 70.00451297387194
 70
 69.884397315052624
 69.881621786072003
 69.878416119645379
 69.874761002852907
 69.870631586948775
 69.865997565793819
 69.860823560682093
 69.855070023613123
 69.848694918331375
 69.841656470872522
 69.833917289464779
 69.825450126233449
 69.816245471114655
 69.806260081568908
 69.795534737006761
 69.784151091396112
 69.772247590437317
 69.760023140614408
 69.74772694760432
 69.735629090307526
 69.72397157017194
 69.712914662440312
 69.702511723641635
 69.69274140692383
 69.683582853576681
 69.675115589908373
 69.667652064988346
 69.661937199515577
 69.659442114179583
 69.662659756278302
 69.674917506848217
 69.698559259985458
 69.731252673206953
 69.769383905082293
 69.809748738632663
 69.849859661887933
 69.887872658850171
 69.922475049376658
 69.952787062562891
 69.978278260921286
 69.998699662500286
 70.014031386236496
 70.024442530992275
 70.030258747905265
 70.031933957933745
 70.030024494732189
 70.025165421164075
 70.018049437683544
 70.009408771034714
 70
 69.827056777481346
 69.822909357445553
 69.818123330337855
 69.812669791056408
 69.806511335897923
 69.799601982885349
 69.79188748515017
 69.783306364185108
 69.773792070937986
 69.763276743422239
 69.751697056563586
 69.739002644504325
 69.72516750829881
 69.710204667371571
 69.694010799681877
 69.676757002630069
 69.658648628745397
 69.639997677305004
 69.621214650883729
 69.602764231170354
 69.585073479079938
 69.568411932878789
 69.552819961590586
 69.538172681188087
 69.524313310209507
 69.511193887627329
 69.499036510505519
 69.488610946162183
 69.481805923516433
 69.482659234868578
 69.498349787451119
 69.536541824979636
 69.589944628835454
 69.65110183756687
 69.71476949482792
 69.777268767019308
 69.835959188706866
 69.888990333936064
 69.935145515425674
 69.973713461756702
 70.004386281186271
 70.027184737967019
 70.042403488919533
 70.050566751967651
 70.052388030812949
 70.048731701989254
 70.040577028133612
 70.028986071926482
 70.015076591271892
 70
 69.770262176761378
 69.764761778855387
 69.758422302821046
 69.751205473392318
 69.743061396002219
 69.733928080302519
 69.723731355415865
 69.712385625628926
 69.699796043765303
 69.685862781705282
 69.670488132393444
 69.653587183316517
 69.635102784360583
 69.615025522108752
 69.593419349319987
 69.570082862209844
 69.545450074108871
 69.519954350483033
 69.494211985960362
 69.468974258442429
 69.444973368054107
 69.422659874940322
 69.401997261240908
 69.382623698123922
 69.36410569820859
 69.346106555499247
 69.328480495393549
 69.311451161084605
 69.29629557458361
 69.287606003355037
 69.299071649241938
 69.359120596501555
 69.440711394344234
 69.530164007834841
 69.620839839547628
 69.708393956626637
 69.78963667315135
 69.862335347471983
 69.925064191999951
 69.977032841331024
 70.017949089377055
 70.047929117782331
 70.067437595512928
 70.077237800937567
 70.078341530615944
 70.071957550697263
 70.059441817507988
 70.042253303116624
 70.021917801423001
 70
 69.71418376271798
 69.707355303291095
 69.699498013247876
 69.690564782479001
 69.680493681253282
 69.669206769780558
 69.656609166589902
 69.642588949739078
 69.627018663904252
 69.609759371247563
 69.590668268560023
 69.569610893450132
 69.54647894653553
 69.521214948158445
 69.493845516299643
 69.464525965247006
 69.432925138076826
 69.39995772884383
 69.366494026800297
 69.333726280012812
 69.302954694975753
 69.275016479392932
 69.249636446277677
 69.22596201887103
 69.203114383394933
 69.18037379864154
 69.157048071225901
 69.132130852339472
 69.104026122321102
 69.072100847522123
 69.050918277818795
 69.159890595573103
 69.283383404344363
 69.407807276418694
 69.529873981299957
 69.645709094875173
 69.751770584919896
 69.845592854418854
 69.92571185352206
 69.99139505652667
 70.042455592880913
 70.079165010420496
 70.102208061707344
 70.112637494667098
 70.111815368725118
 70.101345122501229
 70.083004145192973
 70.05868511981943
 70.030350439917143
 70
 69.658981783168471
 69.650855773838032
 69.641524507387999
 69.630933084380885
 69.619008704565303
 69.605658377869375
 69.590766571501803
 69.574193483586981
 69.555774946701817
 69.535325238280564
 69.512644193295813
 69.487529921283254
 69.459798271770865
 69.429310397006063
 69.396010992608993
 69.359983005002633
 69.321530601324611
 69.280207486532802
 69.237816261499887
 69.196204641407121
 69.15781233786376
 69.124512950723869
 69.0952575043423
 69.068151166187718
 69.041684120475566
 69.014884815765754
 68.986856054843628
 68.955636593190334
 68.915204047876443
 68.845466522973211
 68.672214732922924
 68.945790203834093
 69.124825885154024
 69.287561067995867
 69.444943910102324
 69.592650296926905
 69.726040331388717
 69.84248932224645
 69.940764370640295
 70.020376354472845
 70.081330897662127
 70.124100240994224
 70.149634715184163
 70.159335660040824
 70.154983897448872
 70.138645634936594
 70.112579091599329
 70.079157033000087
 70.040811479175801
 70
 69.604804225760049
 69.595416085333753
 69.584661855505999
 69.572480629257171
 69.558790994501351
 69.543487225054221
 69.526434815050294
 69.507466120917357
 69.486377384353517
 69.462928908032154
 69.436850364715085
 69.407852886350184
 69.375648831951167
 69.339979687188162
 69.300653494856775
 69.257597898149768
 69.210948670042129
 69.16122556582755
 69.108041446970063
 69.055128911008936
 69.007226298974658
 68.969600846956908
 68.938352635147993
 68.909312912426529
 68.88018698457573
 68.850214995397906
 68.819432771701855
 68.787920447519866
 68.755235142961865
 68.721865608312314
 68.704071258111441
 68.825790530550918
 68.982204360437251
 69.17237047438924
 69.369459117139513
 69.553738192989471
 69.717137019142285
 69.85749413042312
 69.974455281087273
 70.068023579673877
 70.138425276060516
 70.186322027607645
 70.212957219824858
 70.220152895070598
 70.210203475821189
 70.185732173151138
 70.149556441685675
 70.104585409766045
 70.053755441486558
 70
 69.551784992571385
 69.541173979810807
 69.529053214562197
 69.515358523760497
 69.500003658610026
 69.482874578362313
 69.46382210608266
 69.442653663702771
 69.419125641473059
 69.392938958360489
 69.363740923229145
 69.331135802247729
 69.294704444524555
 69.254031131014131
 69.208734128466816
 69.158497217324026
 69.103111980410119
 69.042595214116119
 68.977623554936216
 68.908649724368658
 68.845949616645044
 68.8078823488149
 68.778797108034567
 68.750106600118045
 68.719069515577502
 68.685876531995319
 68.65224789090847
 68.620872459421363
 68.595432032130034
 68.582157175012156
 68.595874415244396
 68.670607249646253
 68.805406646765348
 69.049912649974473
 69.306521275132511
 69.53552047377336
 69.731157611280182
 69.895835546501075
 70.031528404411915
 70.13886573842835
