# Created by Octave 6.3.0, Sat Sep 25 13:05:36 2021 GMT <unknown@Rogerio-HP>
# name: u
# type: matrix
# rows: 400
# columns: 1
 200
 191.19244761485552
 182.7206083809987
 174.56101459972083
 166.69106351816521
 159.08895471782336
 151.7336297255641
 144.60471367991306
 137.6824588909931
 130.9476901377823
 124.38175155115816
 117.96645493558985
 111.68402938632512
 105.51707206250731
 99.448499979859889
 93.461502689400433
 87.539495711099974
 81.666074593495097
 75.824969471994095
 70
 200
 191.1924476148555
 182.72060838099867
 174.56101459972081
 166.69106351816515
 159.0889547178233
 151.73362972556407
 144.604713679913
 137.68245889099305
 130.94769013778227
 124.38175155115812
 117.96645493558982
 111.68402938632509
 105.51707206250727
 99.448499979859875
 93.461502689400419
 87.539495711099974
 81.666074593495097
 75.824969471994095
 70
 200
 191.19244761485547
 182.72060838099867
 174.56101459972078
 166.69106351816512
 159.08895471782321
 151.73362972556401
 144.60471367991298
 137.68245889099302
 130.94769013778222
 124.38175155115806
 117.96645493558978
 111.68402938632505
 105.51707206250725
 99.448499979859832
 93.46150268940039
 87.53949571109996
 81.666074593495082
 75.824969471994095
 70
 200
 191.19244761485544
 182.72060838099867
 174.56101459972078
 166.69106351816512
 159.08895471782319
 151.73362972556396
 144.60471367991292
 137.68245889099299
 130.94769013778216
 124.38175155115802
 117.96645493558974
 111.68402938632502
 105.51707206250724
 99.448499979859804
 93.461502689400376
 87.539495711099946
 81.666074593495082
 75.824969471994095
 70
 200
 191.19244761485544
 182.72060838099861
 174.56101459972075
 166.69106351816507
 159.08895471782321
 151.73362972556393
 144.60471367991286
 137.68245889099296
 130.94769013778213
 124.381751551158
 117.96645493558974
 111.68402938632502
 105.51707206250722
 99.448499979859776
 93.461502689400348
 87.539495711099931
 81.666074593495082
 75.824969471994095
 70
 200
 191.19244761485547
 182.72060838099864
 174.56101459972069
 166.69106351816507
 159.08895471782324
 151.73362972556393
 144.60471367991286
 137.6824588909929
 130.9476901377821
 124.38175155115799
 117.96645493558971
 111.68402938632499
 105.5170720625072
 99.448499979859761
 93.461502689400334
 87.539495711099931
 81.666074593495097
 75.824969471994109
 70
 200
 191.19244761485544
 182.72060838099861
 174.56101459972069
 166.69106351816504
 159.08895471782316
 151.73362972556393
 144.60471367991286
 137.6824588909929
 130.94769013778213
 124.38175155115799
 117.9664549355897
 111.68402938632498
 105.51707206250717
 99.448499979859747
 93.461502689400334
 87.539495711099903
 81.666074593495082
 75.824969471994095
 70
 200
 191.19244761485541
 182.72060838099856
 174.56101459972069
 166.69106351816504
 159.08895471782313
 151.73362972556387
 144.60471367991281
 137.68245889099288
 130.94769013778208
 124.38175155115796
 117.96645493558968
 111.68402938632497
 105.51707206250717
 99.448499979859761
 93.461502689400334
 87.539495711099889
 81.666074593495068
 75.824969471994081
 70
 200
 191.19244761485541
 182.72060838099856
 174.56101459972066
 166.69106351816501
 159.08895471782319
 151.73362972556387
 144.60471367991283
 137.68245889099288
 130.9476901377821
 124.38175155115795
 117.96645493558962
 111.68402938632495
 105.51707206250713
 99.448499979859733
 93.461502689400319
 87.539495711099903
 81.66607459349504
 75.824969471994081
 70
 200
 191.19244761485547
 182.72060838099864
 174.56101459972069
 166.69106351816504
 159.08895471782316
 151.7336297255639
 144.60471367991286
 137.6824588909929
 130.94769013778208
 124.38175155115793
 117.96645493558965
 111.68402938632495
 105.51707206250715
 99.448499979859733
 93.461502689400319
 87.539495711099903
 81.666074593495068
 75.824969471994052
 70
 200
 191.19244761485544
 182.72060838099858
 174.56101459972072
 166.69106351816507
 159.08895471782321
 151.73362972556393
 144.60471367991286
 137.68245889099288
 130.94769013778208
 124.38175155115792
 117.96645493558965
 111.68402938632494
 105.51707206250715
 99.448499979859733
 93.461502689400334
 87.539495711099931
 81.666074593495097
 75.824969471994095
 70
 200
 191.19244761485541
 182.72060838099858
 174.56101459972072
 166.69106351816507
 159.08895471782319
 151.73362972556393
 144.60471367991286
 137.6824588909929
 130.94769013778208
 124.38175155115795
 117.96645493558962
 111.68402938632495
 105.51707206250715
 99.448499979859747
 93.461502689400348
 87.53949571109996
 81.666074593495097
 75.824969471994081
 70
 200
 191.19244761485541
 182.72060838099856
 174.56101459972066
 166.69106351816504
 159.08895471782319
 151.73362972556396
 144.60471367991286
 137.68245889099293
 130.9476901377821
 124.38175155115796
 117.96645493558968
 111.68402938632495
 105.51707206250717
 99.448499979859747
 93.461502689400348
 87.539495711099931
 81.666074593495068
 75.824969471994081
 70
 200
 191.19244761485544
 182.72060838099858
 174.56101459972069
 166.69106351816504
 159.08895471782316
 151.73362972556396
 144.60471367991292
 137.68245889099299
 130.94769013778216
 124.38175155115803
 117.96645493558972
 111.68402938632502
 105.51707206250721
 99.44849997985979
 93.461502689400362
 87.539495711099931
 81.666074593495068
 75.824969471994081
 70
 200
 191.19244761485544
 182.72060838099861
 174.56101459972069
 166.69106351816504
 159.08895471782319
 151.73362972556399
 144.60471367991295
 137.68245889099302
 130.94769013778225
 124.38175155115808
 117.96645493558974
 111.68402938632504
 105.51707206250724
 99.448499979859832
 93.461502689400376
 87.539495711099931
 81.666074593495068
 75.824969471994095
 70
 200
 191.19244761485544
 182.72060838099867
 174.56101459972075
 166.69106351816507
 159.08895471782321
 151.73362972556401
 144.604713679913
 137.68245889099308
 130.94769013778225
 124.38175155115809
 117.96645493558981
 111.68402938632508
 105.51707206250727
 99.448499979859861
 93.461502689400405
 87.539495711099946
 81.666074593495097
 75.824969471994095
 70
 200
 191.1924476148555
 182.7206083809987
 174.56101459972081
 166.69106351816512
 159.08895471782327
 151.73362972556407
 144.60471367991309
 137.68245889099316
 130.94769013778233
 124.38175155115816
 117.96645493558987
 111.68402938632514
 105.51707206250732
 99.448499979859889
 93.461502689400447
 87.539495711099988
 81.666074593495111
 75.824969471994123
 70
 200
 191.19244761485552
 182.7206083809987
 174.56101459972083
 166.69106351816515
 159.0889547178233
 151.7336297255641
 144.60471367991312
 137.68245889099325
 130.94769013778236
 124.3817515511582
 117.96645493558991
 111.68402938632518
 105.51707206250735
 99.448499979859903
 93.461502689400447
 87.539495711100002
 81.666074593495139
 75.824969471994123
 70
 200
 191.1924476148555
 182.72060838099873
 174.56101459972083
 166.69106351816521
 159.08895471782333
 151.73362972556416
 144.60471367991317
 137.68245889099325
 130.94769013778244
 124.38175155115827
 117.96645493558999
 111.68402938632525
 105.51707206250741
 99.448499979859946
 93.461502689400476
 87.539495711100017
 81.666074593495139
 75.824969471994123
 70
 200
 191.19244761485552
 182.7206083809987
 174.56101459972083
 166.69106351816524
 159.08895471782338
 151.73362972556419
 144.6047136799132
 137.68245889099327
 130.94769013778247
 124.3817515511583
 117.96645493559001
 111.68402938632526
 105.51707206250744
 99.448499979859989
 93.461502689400504
 87.539495711100031
 81.666074593495154
 75.824969471994123
 70


# name: flag
# type: scalar
0


# name: relres
# type: scalar
0


# name: iter
# type: scalar
0


# name: resvec
# type: scalar
0


