# Created by Octave 6.3.0, Sat Sep 25 13:05:35 2021 GMT <unknown@Rogerio-HP>
# name: u
# type: matrix
# rows: 400
# columns: 1
 200
 70
 70
 70
 70
 70
 70
 70
 70
 70
 70
 70
 70
 70
 70
 70
 70
 70
 70
 70
 200
 134.34770296167778
 108.13628062096862
 95.60970865405595
 88.606204795038124
 84.187629100264786
 81.147140321895378
 78.923467691784353
 77.225558037168284
 75.887961244293763
 74.809100159518593
 73.922405941327952
 73.18172578763992
 72.553441063288147
 72.011958552910912
 71.536992874955203
 71.111842691887006
 70.722236933627087
 70.355514666993528
 70
 200
 159.43277971040098
 132.6933515346808
 115.7672902214194
 104.67902215933604
 97.036472195760737
 91.508343000579174
 87.345891155142354
 84.110818608819855
 81.533496922439156
 79.43935505954272
 77.709663208572479
 76.259869790784649
 75.027153156544415
 73.96297356579062
 73.028427853014506
 72.191220855619179
 71.42359103195362
 70.700806539518766
 70
 200
 170.93780057713005
 147.61072137965914
 130.21385773489408
 117.40218519842047
 107.84578779764341
 100.56344822702674
 94.888984879372586
 90.377416460720283
 86.727801522037794
 83.731307745589504
 81.238378450414601
 79.138277369913027
 77.346253838326817
 75.795332466802861
 74.430913112515782
 73.207091709487557
 72.084043264511976
 71.026061751481137
 70
 200
 176.9873073142416
 156.81286381979777
 140.24203152992465
 127.00138109404774
 116.48588154664445
 108.09534052199936
 101.33812823105356
 95.83850796966118
 91.315322359740264
 87.557732813924133
 84.405396719828289
 81.733921187854378
 79.444602093671179
 77.457242903117816
 75.705074418299787
 74.131073515855888
 72.685201538157472
 71.322239478213717
 70
 200
 180.49492859221101
 162.65187390251191
 147.13459973558486
 134.03332466378882
 123.12978652786414
 114.09943134233644
 106.61648877265766
 100.39473964145103
 95.196292347630887
 90.827540809524379
 87.131458573158383
 83.97991250481347
 81.267152778055163
 78.904619816254538
 76.816871671954289
 74.938369814420184
 73.210888125455924
 71.581357336452299
 70
 200
 182.64661328669493
 166.42175685276558
 151.82483809745921
 139.04490892830609
 128.04768248258677
 118.67826863641562
 110.73508659261142
 104.01186543053981
 98.317362403485475
 93.482373522247087
 89.360439822381949
 85.825842999589867
 82.770687647005175
 80.101878448778038
 77.738305939872973
 75.608325639191463
 73.647518239734097
 71.796682233376288
 70
 200
 183.98180818182175
 168.83079840376686
 154.92474847455833
 142.46505060492501
 131.49856274214517
 121.96571697753619
 113.74656310588139
 106.69448877832477
 100.65735976062518
 95.489199179696911
 91.055714221741241
 87.236170924434788
 83.92325222765578
 81.021883434773869
 78.447583750094097
 76.124644090825001
 73.984280889554626
 71.962830316413957
 70
 200
 184.76556011766118
 170.268649630586
 156.81355540281501
 144.59271648689253
 133.68615703301231
 124.08342278021097
 115.71214169030493
 108.46381359957218
 102.21331211523356
 96.831956414117869
 92.195373038627821
 88.187619874581756
 84.702835470136876
 81.645350845627888
 78.928902043907527
 76.475351857564604
 74.21316770041318
 72.075795345817468
 70
 200
 185.12969279706707
 170.94243709015234
 157.70858778211192
 145.61273093032713
 134.74634207026043
 125.11949099555896
 116.68139370683028
 109.34185977453504
 102.98935223818474
 97.504268071982736
 92.767684671878257
 88.666481283616648
 85.095847008776673
 81.960041023293314
 79.172055523019154
 76.652630857876048
 74.328913533370908
 72.132933492054434
 70
 200
 185.12969279706704
 170.94243709015234
 157.70858778211192
 145.61273093032716
 134.74634207026045
 125.11949099555899
 116.68139370683029
 109.34185977453505
 102.98935223818474
 97.504268071982736
 92.767684671878243
 88.666481283616633
 85.095847008776673
 81.960041023293329
 79.172055523019154
 76.652630857876048
 74.328913533370908
 72.13293349205442
 70
 200
 184.76556011766118
 170.268649630586
 156.81355540281504
 144.59271648689256
 133.68615703301236
 124.08342278021102
 115.71214169030497
 108.46381359957221
 102.21331211523356
 96.831956414117869
 92.195373038627821
 88.187619874581742
 84.70283547013689
 81.645350845627888
 78.928902043907527
 76.475351857564618
 74.213167700413194
 72.075795345817468
 70
 200
 183.98180818182175
 168.83079840376689
 154.92474847455836
 142.46505060492507
 131.49856274214525
 121.96571697753627
 113.74656310588146
 106.69448877832484
 100.65735976062521
 95.489199179696911
 91.055714221741226
 87.236170924434788
 83.923252227655794
 81.021883434773883
 78.447583750094097
 76.124644090825015
 73.98428088955464
 71.962830316413957
 70
 200
 182.64661328669496
 166.42175685276561
 151.82483809745926
 139.04490892830617
 128.04768248258688
 118.67826863641572
 110.73508659261151
 104.01186543053988
 98.317362403485504
 93.482373522247073
 89.360439822381935
 85.825842999589867
 82.770687647005175
 80.101878448778038
 77.738305939872987
 75.608325639191463
 73.647518239734097
 71.796682233376288
 70
 200
 180.49492859221101
 162.65187390251191
 147.13459973558491
 134.03332466378887
 123.12978652786424
 114.09943134233654
 106.61648877265773
 100.39473964145107
 95.196292347630902
 90.827540809524379
 87.131458573158383
 83.97991250481347
 81.267152778055163
 78.904619816254538
 76.816871671954289
 74.938369814420199
 73.210888125455938
 71.581357336452299
 70
 200
 176.9873073142416
 156.8128638197978
 140.2420315299247
 127.00138109404782
 116.48588154664453
 108.09534052199945
 101.33812823105362
 95.838507969661222
 91.315322359740279
 87.557732813924147
 84.405396719828303
 81.733921187854392
 79.444602093671193
 77.457242903117816
 75.705074418299787
 74.131073515855888
 72.685201538157472
 71.322239478213717
 70
 200
 170.93780057713008
 147.61072137965917
 130.21385773489413
 117.40218519842053
 107.84578779764347
 100.56344822702681
 94.888984879372643
 90.377416460720312
 86.727801522037808
 83.731307745589532
 81.238378450414615
 79.138277369913041
 77.346253838326817
 75.795332466802847
 74.430913112515768
 73.207091709487543
 72.084043264511962
 71.026061751481137
 70
 200
 159.43277971040098
 132.69335153468083
 115.76729022141944
 104.67902215933609
 97.036472195760766
 91.508343000579217
 87.345891155142397
 84.110818608819883
 81.53349692243917
 79.439355059542734
 77.709663208572493
 76.259869790784649
 75.027153156544401
 73.962973565790605
 73.028427853014492
 72.191220855619164
 71.42359103195362
 70.700806539518766
 70
 200
 134.34770296167781
 108.13628062096863
 95.609708654055964
 88.606204795038167
 84.187629100264814
 81.147140321895392
 78.923467691784367
 77.225558037168298
 75.887961244293777
 74.809100159518593
 73.922405941327952
 73.181725787639905
 72.553441063288147
 72.011958552910897
 71.536992874955203
 71.111842691887006
 70.722236933627073
 70.355514666993514
 70
 200
 70
 70
 70
 70
 70
 70
 70
 70
 70
 70
 70
 70
 70
 70
 70
 70
 70
 70
 70


# name: flag
# type: scalar
0


# name: relres
# type: scalar
0


# name: iter
# type: scalar
0


# name: resvec
# type: scalar
0


# name: x
# type: matrix
# rows: 1
# columns: 20
 0 0.052631578947368418 0.10526315789473684 0.15789473684210525 0.21052631578947367 0.26315789473684209 0.31578947368421051 0.36842105263157893 0.42105263157894735 0.47368421052631576 0.52631578947368429 0.57894736842105265 0.63157894736842102 0.68421052631578949 0.73684210526315796 0.78947368421052633 0.84210526315789469 0.89473684210526316 0.94736842105263164 1


# name: y
# type: matrix
# rows: 1
# columns: 20
 0 0.052631578947368418 0.10526315789473684 0.15789473684210525 0.21052631578947367 0.26315789473684209 0.31578947368421051 0.36842105263157893 0.42105263157894735 0.47368421052631576 0.52631578947368429 0.57894736842105265 0.63157894736842102 0.68421052631578949 0.73684210526315796 0.78947368421052633 0.84210526315789469 0.89473684210526316 0.94736842105263164 1


# name: n
# type: scalar
20


# name: m
# type: scalar
20


# name: tempo
# type: scalar
0.083343029022216797


