Matriz: max_it rol iter
mesh3em5.mat: 10000 1.000000e-05 11
mesh3em5.mat: 10000 1.000000e-10 20
mesh3em5.mat: 5000 1.000000e-05 11
mesh3em5.mat: 5000 1.000000e-10 20
662_bus.mat : 10000 1.000000e-05 385
662_bus.mat : 10000 1.000000e-10 678
662_bus.mat : 5000 1.000000e-05 385
662_bus.mat : 5000 1.000000e-10 678
bcsstk36.mat: 10000 1.000000e-05 4281
bcsstk36.mat: 10000 1.000000e-10 10001
bcsstk36.mat: 5000 1.000000e-05 4281
bcsstk36.mat: 5000 1.000000e-10 5001
Dubcova3.mat: 10000 1.000000e-05 134
Dubcova3.mat: 10000 1.000000e-10 215
Dubcova3.mat: 5000 1.000000e-05 134
Dubcova3.mat: 5000 1.000000e-10 215
pdb1HYS.mat : 10000 1.000000e-05 6031
pdb1HYS.mat : 10000 1.000000e-10 6205
pdb1HYS.mat : 5000 1.000000e-05 5001
pdb1HYS.mat : 5000 1.000000e-10 5001
plat362.mat : 10000 1.000000e-05 180
plat362.mat : 10000 1.000000e-10 4090
plat362.mat : 5000 1.000000e-05 180
plat362.mat : 5000 1.000000e-10 4090
s1rmq4m1.mat: 10000 1.000000e-05 2442
s1rmq4m1.mat: 10000 1.000000e-10 6417
s1rmq4m1.mat: 5000 1.000000e-05 2442
s1rmq4m1.mat: 5000 1.000000e-10 5001