# Created by Octave 6.3.0, Mon Sep 27 14:53:18 2021 GMT <unknown@LAPTOP-7NASCU26>
# name: u
# type: matrix
# rows: 64
# columns: 1
 1.8874110025896584
 1.9195186568986526
 1.9804439219279908
 2.069292229615268
 2.1875664153053038
 2.336622903126794
 2.5100344321460772
 2.6707906607496681
 1.8961153474847947
 2.0614877174399062
 2.2126258786056789
 2.3523675855750552
 2.4913945081740141
 2.6424788266750867
 2.8037337178531625
 2.8975354123974713
 1.9062545167940939
 2.1601099262446359
 2.3714690467363297
 2.5464066032836787
 2.7035216522297891
 2.8672624902241419
 3.0465004914172469
 3.1424131014805763
 1.9144993624236015
 2.2111600511024347
 2.4517473802539498
 2.6451966340603645
 2.8158672578828665
 2.9972831335045917
 3.2081096194246355
 3.3375163480044803
 1.9191403173369681
 2.2125927958755001
 2.4509352760747842
 2.6455566746273127
 2.8239030762526398
 3.024648458606749
 3.2731009215598723
 3.4556666747221274
 1.9191952998047059
 2.1632607922623581
 2.367603680497981
 2.5456076150798883
 2.7248451651376269
 2.9446222986171779
 3.2331175419255929
 3.4841197777340844
 1.9158721879188667
 2.0659099739324116
 2.2061448367857412
 2.3507234833588537
 2.5240503711631059
 2.7613520740856194
 3.0898987402882074
 3.4219169493562069
 1.8943146959443375
 1.87956685275229
 1.9009901482660561
 1.9796292992624474
 2.1337831136747845
 2.3879967904547992
 2.7633640517161315
 3.2016506055217873


# name: flag
# type: scalar
0


# name: relres
# type: scalar
9.3722016756070369e-09


# name: iter
# type: matrix
# rows: 1
# columns: 2
 590 1


# name: resvec
# type: matrix
# rows: 2358
# columns: 1
 138.73448157617693
 78.592772676025461
 66.097310327735386
 60.069723521694719
 51.669858609062629
 46.008379392705343
 43.340436228810226
 40.709350510545171
 34.284820773961187
 29.704364474193842
 27.311701417940736
 25.87095358811268
 23.036860352887778
 19.928752971313632
 17.589606111361917
 16.88249068686472
 16.878569484132409
 16.878555847523327
 16.874538882423632
 16.755911338667715
 15.592475951188794
 14.861680846102873
 14.822591070173646
 14.780971147424452
 14.73877902548576
 14.72901343584118
 14.723747937277317
 14.720351930566586
 14.508964185983091
 14.284407667678364
 14.284205145829395
 14.262282145154673
 14.135562996000171
 13.990199181513937
 13.989794401585067
 13.972339659822103
 13.944279569744928
 13.905920177871339
 13.883910094499724
 13.883865021378602
 13.651658913709369
 13.320917496752225
 13.265535776135767
 13.219736321218615
 13.197450793352665
 13.157380642247038
 13.131392189537056
 13.109711772527914
 12.048825273629069
 10.540659849083356
 10.234072781979924
 10.101618989334282
 10.027538743214132
 9.9966055111196539
 9.9005420373884601
 9.1754127971216484
 7.7037048847908913
 7.1771204702813387
 7.1470680579945887
 7.1449750610671661
 7.139287034210267
 7.1384363748495741
 7.1362436681248047
 7.1325859581209139
 6.9917410500531352
 6.8848267369364624
 6.8815275287031508
 6.8525216767682799
 6.8506953555022614
 6.8502180556074928
 6.8378302497507244
 6.8357998973623122
 6.7052188266652415
 6.6128703596562763
 6.5923687595466403
 6.5752182761084468
 6.5654398896053374
 6.5633508196573134
 6.5469392621770695
 6.5454707577611444
 6.3781863096602889
 6.2726666595558882
 6.2482895621898669
 6.2290002792708785
 6.1978158702777506
 6.1922663524584634
 6.1770942937425222
 6.1769881542968861
 6.0683907521018092
 6.0158465860614969
 6.0065742443892365
 5.992160784206904
 5.9581346975649447
 5.9507907992989058
 5.9384335288323467
 5.9383037300431392
 5.8454005991270135
 5.8025599072650067
 5.7914988054014316
 5.7856792516836144
 5.7641923306281413
 5.7622949762179703
 5.7575549702467983
 5.7472276403195908
 5.6152102422825658
 5.5213981677711814
 5.5166361573528633
 5.506979094921105
 5.5028412233290629
 5.5026076254369398
 5.5004894275367562
 5.488852265755682
 5.3269181831744872
 5.1979860499839265
 5.1973337130543884
 5.1694300732847545
 5.1578703072397616
 5.1565998079692319
 5.1512978359770045
 5.1506477805189776
 5.0734582429111086
 5.0296985640533949
 5.0224449238809781
 5.0136561888467117
 4.9774106853557729
 4.9704151097344651
 4.9622394194890234
 4.962232645695889
 4.9362593782039674
 4.9265620258519114
 4.9151179481849727
 4.9145796484862148
 4.8190988526995335
 4.7725804349255618
 4.7663702505735071
 4.7633470555297679
 4.7559879077170217
 4.754718867143028
 4.7484528481492703
 4.7391347732466889
 4.6676606434892465
 4.6311907566370509
 4.6283266473222726
 4.6268027672397594
 4.6093222654868917
 4.6079305582918364
 4.6068787168055545
 4.6017571762139191
 4.5477155535888905
 4.5104007418867624
 4.508279711030843
 4.5074849327436128
 4.5003801765340929
 4.4997243883425977
 4.4987996706967701
 4.4944760297872604
 4.3316070643084803
 4.1592299073397205
 4.151533242043203
 4.1377627797964545
 4.1313435235684928
 4.1306687275760643
 4.1299130812761904
 4.1202150012067875
 4.0205931397689385
 3.9330360381690461
 3.9289519392598447
 3.9165835601842534
 3.887498793712612
 3.8675684474686909
 3.859140574694234
 3.8553867296091018
 3.851893779208865
 3.8508099380532204
 3.8421374939336435
 3.8365987825812851
 3.7776478406212282
 3.7339127125434262
 3.7313623218736036
 3.71944836938109
 3.7188015850136189
 3.7186644926916617
 3.7133193594865146
 3.7088346712834821
 3.650372135357272
 3.6032084053833917
 3.5926332408731261
 3.5892067013722513
 3.572925315180679
 3.5634597422425363
 3.5567250284302245
 3.5534993545389226
 3.5392418044821703
 3.5342786838800735
 3.5250442722129729
 3.5248110927482408
 3.5067179109997877
 3.497527257353592
 3.4848312618548634
 3.4847480492953222
 3.3711560635415276
 3.280854052884
 3.2806414173732619
 3.2607218665875504
 3.2606363674923569
 3.2606203922596908
 3.2576533478231497
 3.2559707294654658
 3.1331140770886279
 3.0355148663639291
 3.0346895865543879
 3.0221840603519663
 3.021168206176275
 3.0210463405091885
 3.0197475271115257
 3.016806499317902
 2.952601708844135
 2.911545348044084
 2.9104383272846834
 2.8976787000353648
 2.8954694086765422
 2.8950090961573456
 2.8910137889859837
 2.8907216265255378
 2.8074779749702929
 2.7422897817701837
 2.7374836475124318
 2.7282934307192126
 2.7267399483493913
 2.7265659866580885
 2.7235707026448193
 2.7216295596106219
 2.6607232040533728
 2.6212314299018233
 2.6199157633351984
 2.60506024123789
 2.5929420939075682
 2.5910551690337709
 2.5864838435146194
 2.5864288736717964
 2.5345065267893698
 2.5065932896934116
 2.5026846816030881
 2.4914269426108886
 2.4762619519519835
 2.4742099339724128
 2.4695798493745316
 2.4692159018085551
 2.4230979095538392
 2.4002828094067499
 2.3969880819171316
 2.3883225111539201
 2.3713016099607951
 2.3692832513286901
 2.3656148248103461
 2.3650034388214571
 2.3229036739619939
 2.3031496025912213
 2.3007171028084756
 2.2942341068984526
 2.276219787917285
 2.2742819824022362
 2.2716186271858243
 2.271381531042898
 2.2452211661170853
 2.2330682432322915
 2.2294850650353184
 2.2283350770669772
 2.2075342219880238
 2.2042144449335743
 2.2018432196859061
 2.2017850772361549
 2.1907125324999188
 2.1872286067668774
 2.1829123529205359
 2.1825160511755097
 2.1338898769061019
 2.1102833927333595
 2.1092562572518032
 2.1044415260216227
 2.0996818271025899
 2.0988515895761299
 2.0949503920287964
 2.09171258517868
 2.0395338892655719
 2.0097753651034234
 2.0089812692423754
 2.005203711864751
 2.0029266631382527
 2.0026147404555594
 2.0001907691755041
 1.997284833632742
 1.9728791067637104
 1.9633818794871858
 1.9610185193032026
 1.960686865715545
 1.9553775849952726
 1.9546134912634519
 1.9523781092710164
 1.9510342307363426
 1.910949367055321
 1.8875175639753043
 1.8862761074338645
 1.8843837728174593
 1.8814836968855309
 1.8811185403452548
 1.8791137161126421
 1.8770075729539506
 1.8586364506150532
 1.8518227565685901
 1.8494859090920899
 1.8494720768397381
 1.8437968695717895
 1.8429499907502656
 1.8411251810513112
 1.8400617194787008
 1.7958167771365801
 1.7663862035462663
 1.7657705856476036
 1.7641384190066161
 1.7623955683862489
