# Created by Octave 6.3.0, Mon Sep 27 11:21:28 2021 GMT <unknown@Rogerio-HP>
# name: u
# type: matrix
# rows: 2500
# columns: 1
 0
 0
 0
 0
 0
 0
 0
 0
 0
 0
 0
 0
 0
 0
 0
 0
 0
 0
 0
 0
 0
 0
 0
 0
 0
 0
 0
 0
 0
 0
 0
 0
 0
 0
 0
 0
 0
 0
 0
 0
 0
 0
 0
 0
 0
 0
 0
 0
 0
 0
 0
 0.0039965609956270605
 0.0078265940021449137
 0.011490122633864017
 0.014987226310279074
 0.018318080219069197
 0.02148299739523294
 0.024482470424830642
 0.027317210901270782
 0.029988185135454065
 0.032496644897253769
 0.034844152160842468
 0.037032597021113521
 0.039064208103328571
 0.040941554906305785
 0.042667541643981732
 0.044245392248062863
 0.045678626244486396
 0.04697102526380259
 0.048126589956586294
 0.049149487014906235
 0.050043985916670385
 0.050814384822116899
 0.051464924843129353
 0.051999691528545479
 0.052422501964742997
 0.052736775289117133
 0.052945383635542451
 0.053050479508808888
 0.053053294329030977
 0.052953901205280179
 0.052750932888287319
 0.052441243117959127
 0.052019496076965953
 0.05147766403078155
 0.050804407266931847
 0.04998430255965796
 0.048996876005784423
 0.047815382232472073
 0.046405253560395175
 0.044722117876870443
 0.042709250519330548
 0.040294279903992508
 0.037384904467030786
 0.033863292856036308
 0.029578721002634017
 0.024337834979071285
 0.01789169807838038
 0.0099184563777072413
 0
 0
 0.0078265937656780867
 0.0153270700169897
 0.022501474870364191
 0.029349963716458118
 0.035872879479622991
 0.042070835032468806
 0.047944794864993305
 0.053496152357953027
 0.058726799714455956
 0.063639188164379648
 0.068236376423271808
 0.072522065778139674
 0.076500620472508704
 0.080177072295253837
 0.083557108516119069
 0.086647042518834705
 0.089453766551385039
 0.091984686147625824
 0.094247635743132802
 0.096250774932644459
 0.098002464584247134
 0.099511121727190427
 0.10078505165482843
 0.10183225500804358
 0.10266020667498038
 0.10327560222475443
 0.10368406600856052
 0.10388981311609999
 0.10389525486828534
 0.10370053427178788
 0.10330297369916354
 0.10269641173655948
 0.10187039923904571
 0.10080921561577125
 0.099490654627031869
 0.09788451358017547
 0.095950699452088686
 0.093636838378370738
 0.090875238860126398
 0.087579010452961653
 0.083637074150464438
 0.078907711481555301
 0.073210177556652559
 0.066313735591062531
 0.057923238624926196
 0.047660061293334048
 0.03503673223429999
 0.01942297995394494
 0
 0
 0.011490098023080587
 0.022501427462142506
 0.033034055838489958
 0.043088211078329212
 0.052664396411901952
 0.061763511368691675
 0.070386971679799543
 0.078536822722458599
 0.086215842190449726
 0.093427628476646332
 0.10017667181919764
 0.10646840580604233
 0.11230923730555578
 0.11770655319731234
 0.12266870266421977
 0.12720495407157265
 0.13132542560533361
 0.13504098898741557
 0.13836314559934432
 0.14130387416810036
 0.14387544890071108
 0.14609022643619907
 0.14796039936954017
 0.14949771302661932
 0.1507131408843084
 0.15161651231217921
 0.15221608406118628
 0.15251804399366115
 0.15252593194562389
 0.15223995775643717
 0.15165619046942669
 0.15076558481274202
 0.14955280102544041
 0.14799476076901716
 0.14605886470814014
 0.14370077468170891
 0.14086163354917872
 0.1374645559796546
 0.13341017053598284
 0.12857092200443831
 0.12278374674240963
 0.11584060281740094
 0.10747615791037435
 0.097351691646334101
 0.085033928531073971
 0.069967043167197776
 0.0514354144520855
 0.028513766542201415
 0
 0
 0.014987073542525929
 0.029349665888672154
 0.043087864873629783
 0.056201967536987557
 0.068692629997490304
 0.080561025276304973
 0.091808999695685331
 0.10243922085483631
 0.11245531154648256
 0.12186196504611828
 0.13066503790403106
 0.13887161713307464
 0.14649005923998687
 0.15352999901220965
 0.16000232640980599
 0.16591913032800776
 0.17129360811463229
 0.1761399399884554
 0.18047312745000493
 0.18430879462043737
 0.18766295101416913
 0.19055171366301865
 0.19299098561710101
 0.19499608653729061
 0.19658132932675573
 0.19775953460092294
 0.19854147176528508
 0.1989352117440106
 0.19894537160213047
 0.19857222507664044
 0.19781064505657139
 0.19664883386487431
 0.19506678398432573
 0.19303439460280788
 0.19050914686772147
 0.18743321127806739
 0.18372982164018217
 0.17929869816413424
 0.17401023316246186
 0.16769805977110047
 0.16014949856675095
 0.15109320611856608
 0.14018311620194362
 0.12697744303317809
 0.11091107150669695
 0.091259040090625201
 0.067087953694104197
 0.037190937574121584
 0
 0
 0.01831752015292502
 0.035871784956756532
 0.052662901478043561
 0.068691232457802953
 0.083957579496564932
 0.098463375953539434
 0.11221087810563553
 0.12520334600798155
 0.13744520717770764
 0.14894219749676477
 0.15970147463476606
 0.16973170015717165
 0.17904308724063778
 0.18764741140060759
 0.19555798225775875
 0.20278957479007928
 0.20935831875344188
 0.21528154517961434
 0.22057758888937712
 0.22526554567148691
 0.22936498235304939
 0.23289559716264013
 0.23587682680576402
 0.238327394961347
 0.24026479485735242
 0.24170469584823082
 0.24266026032885615
 0.24314135263909745
 0.24315361588462744
 0.24269738484863018
 0.24176639355600454
 0.24034622347164308
 0.23841242230023013
 0.23592820211745766
 0.23284159821514519
 0.22908193390796283
 0.22455538899367325
 0.21913940607701049
 0.21267558460714911
 0.20496059862751595
 0.19573452087971888
 0.18466572698625514
 0.1713312682616269
 0.15519120876692241
 0.13555487888008944
 0.11153624027174594
 0.081994495295188388
 0.045454573995051373
 0
 0
 0.021481437728153852
 0.042067784418161162
 0.061759165292138221
 0.080556005389304033
 0.09845924439414655
 0.11547056286068956
 0.13159260639218348
 0.14682919774854308
 0.16118552879962667
 0.17466832577606964
 0.18728598227512047
 0.19904865556101836
 0.20996832251211942
 0.22005879221260835
 0.22933567282716821
 0.23781629099200494
 0.24551956211962697
 0.25246581039686355
 0.2586765371718816
 0.26417413620757602
 0.2689815536596119
 0.27312188979750635
 0.27661793820209446
 0.27949165630431688
 0.28176355858517171
 0.28345202069564979
 0.28457247839419431
 0.28513649986882256
 0.28515070313144203
 0.28461548124578573
 0.28352348672245115
 0.28185781180413055
 0.27958978244514293
 0.27667625903369464
 0.27305630467748854
 0.26864703964570769
 0.26333844465657941
 0.25698680137124297
 0.24940635938887093
 0.24035868564861237
 0.22953897213216881
 0.21655833283212148
 0.20092078636835206
 0.18199315975262484
 0.15896551138503551
 0.13079878290848224
 0.096155143703321955
 0.05330473254559448
 0
 0
 0.024478826178325478
 0.047937664096707078
 0.070376656065205143
 0.091796286022967855
 0.11219762435080417
 0.13158258566034869
 0.14995418426577911
 0.16731677588261878
 0.18367627637873032
 0.19904035007579163
 0.21341856132452752
 0.22682248423360979
 0.23926576643448716
 0.25076414341796588
 0.26133540080022905
 0.27099928244800287
 0.27977734270491317
 0.28769274125563354
 0.29476997921281167
 0.30103457462285921
 0.306512675023424
 0.31123060357767485
 0.31521433400628068
 0.31848888724128172
 0.32107763999929695
 0.32300153180763763
 0.32427815222826911
 0.32492068375931199
 0.32493666825276885
 0.32432655432561919
 0.32308197039187025
 0.32118365113467434
 0.31859892383921118
 0.3152786326252392
 0.31115334208085138
 0.30612861348942222
 0.30007908329584243
 0.2928409886219292
 0.28420267187562887
 0.27389244432531484
 0.26156298351569318
 0.24677116010777034
 0.22895180850405661
 0.20738343025390299
 0.18114309271887186
 0.1490467728700289
 0.10956997605128606
 0.06074145447805241
 0
 0
 0.027309685442167324
 0.053481423875189907
 0.078515373632649946
 0.10241207416567603
 0.12517271916622888
 0.14679944417863947
 0.16729561161267226
 0.18666608040693081
 0.20491745007109599
 0.22205827077704351
 0.23809921245349697
 0.25305318721695047
 0.26693542050089625
 0.279763467063046
 0.29155716887137173
 0.30233855262293652
 0.31213166486218913
 0.32096234314288197
 0.32885792157702953
 0.3358468688394799
 0.34195835590184209
 0.34722174971478525
 0.35166602740824859
 0.35531910321221516
