# Created by Octave 6.3.0, Mon Sep 27 14:53:17 2021 GMT <unknown@LAPTOP-7NASCU26>
# name: u
# type: matrix
# rows: 16
# columns: 1
 2.6675675553940952
 2.945646667470792
 3.455628325335407
 4.1739344627368764
 2.7322313895130557
 3.4210615032733034
 4.1261050592320583
 5.4757288178125245
 2.8265027114606678
 3.5888563994651541
 4.4598584544309707
 6.3996316578686052
 2.7397910202057965
 2.6541957190745658
 3.3995035024325744
 5.6491172575529056


# name: flag
# type: scalar
0


# name: relres
# type: scalar
9.7710213900227134e-09


# name: iter
# type: matrix
# rows: 1
# columns: 2
 183 1


# name: resvec
# type: matrix
# rows: 730
# columns: 1
 91.552866336014333
 63.905689226153704
 44.92617978384817
 25.396124752622711
 15.559725194762848
 11.60362231564312
 11.517781047218048
 11.509838466778717
 10.760831565195243
 10.472201530280893
 10.472201392064578
 10.461918857873476
 9.3287222625266981
 8.8742169295218787
 8.8722137528734066
 8.7414502306778044
 8.3016558335876294
 8.1198135970019685
 8.1092050325082035
 8.0348021037387927
 7.3120045321295848
 7.0096007725716385
 7.0092398364174802
 6.9141153363390542
 6.5734864838798925
 6.4709170446940005
 6.4671743837170332
 6.4550929892513551
 6.0654181096805093
 5.8701969062295447
 5.8526088480635474
 5.8380923464628811
 5.7900504078459374
 5.7620238066829677
 5.7619712098706835
 5.7262448439160449
 4.5768716782106811
 3.678756518355538
 3.6641604389544478
 3.5943689876058649
 3.5450688096992762
 3.5354955923005291
 3.5194093078688766
 3.5130549912245082
 2.9924577877496903
 2.7806150173897097
 2.7685455975903372
 2.7323522643680005
 2.5839686663982229
 2.5649303605738667
 2.5615027217555202
 2.5604387001297924
 2.2959399916280101
 2.1861247474693042
 2.1807700213747174
 2.1625894263413437
 2.0713142046413089
 2.0552146372946964
 2.0529568939877527
 2.0529522524819908
 1.871694517320678
 1.7630294381364928
 1.7624173495979456
 1.7348214070598
 1.6681778584340439
 1.6503603852917978
 1.6462758616094408
 1.6415946967526882
 1.5106181585361702
 1.4583966516652265
 1.4581255275799654
 1.4403066942155058
 1.364887154755495
 1.345569248445575
 1.3425254502283634
 1.3394606331009686
 1.2391412184680046
 1.2056462033587187
 1.2051743691939951
 1.1984052628166335
 1.1291615587393806
 1.1136265722635486
 1.1126657076019113
 1.1115620290914494
 1.045408196786326
 1.0260419557569647
 1.0259904632498829
 1.0242967357869202
 0.97902148258028165
 0.96558795467099878
 0.96532270504762463
 0.96452389229706526
 0.92184756288019998
 0.9023080696172282
 0.90215350670862637
 0.89806217461740689
 0.85510689277751573
 0.83779572665346813
 0.8369772996395799
 0.83242499123021207
 0.7857619337818641
 0.76738883449414697
 0.76664460169884063
 0.76046283277673199
 0.71313730801537734
 0.69719076055605056
 0.69616587876219616
 0.69206971978357534
 0.64365483553098601
 0.6286758120196696
 0.62804824519437097
 0.62486097791027118
 0.58127629381512413
 0.56972607761762617
 0.56916730306060437
 0.56791338520554757
 0.5257070248672896
 0.51446023676277763
 0.51429459736592187
 0.51327911545805038
 0.48133168868168164
 0.47364169589353
 0.47346654665699484
 0.47314038788454321
 0.4425123178299617
 0.43311032860054277
 0.43309107572963662
 0.4322973532843335
 0.41078641700216245
 0.4045444660964238
 0.40438230581710594
 0.40388915170417256
 0.38033981059781113
 0.37050613137126809
 0.37044525817827484
 0.36844832821266404
 0.3513474359611149
 0.34558689321272834
 0.34516902785189707
 0.34380496265824351
 0.32252992588216428
 0.31350643490974789
 0.31329974704607588
 0.31013552090552343
 0.29381591255407458
 0.28872804977500727
 0.28819585712374562
 0.28665467945746592
 0.26723209802944858
 0.26032164546188435
 0.26005192405435312
 0.25805351797577036
 0.24192965924465401
 0.23768749350783988
 0.23737979690788971
 0.23669157767517524
 0.22107426809227865
 0.21666181864351727
 0.21656073905004564
 0.21606439155950755
 0.20389548565003768
 0.20088881667807645
 0.20084137802446136
 0.20067865184148595
 0.19170195048392677
 0.18880680101898253
 0.18879248278625643
 0.18852408740781756
 0.18048216109937609
 0.17703012354058734
 0.17696583596329271
 0.17646027340837872
 0.16873108216350871
 0.16520355636673528
 0.16508697090364755
 0.16395378253249324
 0.15462838515620564
 0.15089262452285182
 0.15072315249624912
 0.14946168494556264
 0.14039216673047145
 0.1372168208360886
 0.13701933677523156
 0.13605359715963997
 0.12659414981777922
 0.12365113804531784
 0.12350414411918478
 0.12288349474439131
 0.11394664857651929
 0.11148483448991024
 0.11138795526928864
 0.11105376512144575
 0.10333534312853751
 0.10137462246888325
 0.10131758524885585
 0.10117154023336419
 0.094105320667726172
 0.092234217685250544
 0.092219071643309072
 0.09209301585950766
 0.086892140693570069
 0.085522918341812526
 0.085503209389638152
 0.085433246348426098
 0.080411157720589224
 0.07862059700314121
 0.078614813956136453
 0.078405295158697055
 0.074741235386685548
 0.073508526941782351
 0.073462546581589391
 0.073272447618250927
 0.069076564746270996
 0.06723045257860083
 0.067200955976645216
 0.066663748820128654
 0.063447117066546738
 0.062338977426758285
 0.062243928483655231
 0.061882706739627882
 0.057988144282770923
 0.05642701041221377
 0.056366990544880882
 0.055791625017708284
 0.052576747086759829
 0.051612152264541078
 0.051523103552635278
 0.051248010535787224
 0.047760129189189086
 0.046646860700924858
 0.046597486407320185
 0.046361259373470569
 0.043388567117792758
 0.042641068478271926
 0.04261091354889928
 0.042532109809133328
 0.04009846568933937
 0.039446567073708722
 0.039439288619419484
 0.039392126635124494
 0.03755807317827909
 0.037002501427241576
 0.036999003588197826
 0.036961563247418755
 0.035583492411228913
 0.034985248508482621
 0.034975972302891109
 0.034877258821657951
 0.033199290806441344
 0.032364727704175124
 0.032346097079758128
 0.032100619678610595
 0.030550679483076097
 0.029918143554117701
 0.029875267158677533
 0.029627270539635323
 0.027666697771814158
 0.02693692384883942
 0.026906368282477416
 0.026664484070183864
 0.02490887519967638
 0.024367761076538305
 0.024329824148381706
 0.024207905041795839
 0.02242885653000037
 0.021918964723142552
 0.021900447165221878
 0.021823978795160615
 0.020231135791279456
 0.019824647994066913
 0.019813816494561459
 0.019779400975082486
 0.018488040257623021
 0.018160778529994384
 0.018155750670603914
 0.018137793836708504
 0.016988020798205307
 0.016654394192176191
 0.016653146873040831
 0.016629886681255798
 0.015794062675415058
 0.015537394122905642
 0.015533476085598854
 0.015511448659705107
 0.014658441247912357
 0.014301331462758849
 0.014298366789002879
 0.01423047512490388
 0.013578596781187958
 0.01333976674843935
 0.013326389837870321
 0.013262831402429735
 0.012494854840454884
 0.012157274149153692
 0.012147185871579586
 0.012020179391084742
 0.011400841664984966
 0.011190971671086243
 0.011171528312925864
 0.011092169662263975
 0.010373865246215242
 0.010109284777075907
 0.010095308113576451
 0.010006384942698862
 0.0093768098576757861
 0.0091988952619499863
 0.0091863501849653879
 0.0091467413874160262
 0.0085437232112257847
 0.0083723154597373645
 0.0083661906273489097
 0.0083441610334864108
 0.0078505645868559102
 0.0077263257539418829
 0.0077246861304833304
 0.0077164737126862457
 0.0073804164413843855
 0.0072791724607762327
 0.0072787187466833011
 0.0072704840128945533
 0.0069810082161261867
 0.0068482445249320525
 0.0068465791088976203
 0.0068290573889229168
 0.0065657839559601257
 0.0064302391082906455
 0.0064254888191939662
 0.0063795513795444582
 0.0060248005949568089
 0.0058669354006995892
 0.0058613347022669201
 0.0057971343652074448
 0.0054668316776285931
 0.0053449159070022385
 0.0053353433392236919
 0.0052911339756761813
 0.0049156932021227019
 0.0047907385358119453
 0.0047851013845819071
 0.0047519154865190306
 0.0044105092524196572
 0.0043155377800662741
 0.0043105203328243436
 0.004296077620287617
 0.0039861359448486525
 0.0039044611104203193
