# Created by Octave 6.3.0, Sat Sep 25 14:48:01 2021 GMT <unknown@DESKTOP-EJ47PRO>
# name: u
# type: matrix
# rows: 400
# columns: 1
 0.85514946430634475
 0.85700974349748482
 0.86065366995001025
 0.8660078075993819
 0.87301414128637778
 0.8816361599760989
 0.89186140148278081
 0.90370134258785595
 0.91718880239734069
 0.93237262283979216
 0.94930900979186073
 0.96804837534298127
 0.98861561054176883
 1.0109800993930835
 1.0350087821463763
 1.060389674543194
 1.0865007258999297
 1.1121696871445463
 1.1351947397900932
 1.1512744018342869
 0.85570697531876372
 0.8812254565029678
 0.9059181223067404
 0.92970988814661493
 0.95256690338803307
 0.97450903877169492
 0.9956168611146996
 1.0160314864033695
 1.0359463058922176
 1.0555897512432881
 1.0751978879599782
 1.094974359717519
 1.1150324652369441
 1.1353088850610424
 1.1554287711010411
 1.1744835473481008
 1.1906478020429938
 1.2004945591825029
 1.1977428709752969
 1.1709663390596314
 0.85661847433782101
 0.90317900549519603
 0.94660210945969214
 0.98680649248561936
 1.0237770376671456
 1.0575829769930316
 1.0883886327530043
 1.1164532509953695
 1.1421179424862822
 1.165778431932478
 1.1878420175661599
 1.208665353317967
 1.2284654895078364
 1.2471884136201734
 1.2643039533728804
 1.2784669211331166
 1.286928444375758
 1.2844700636584581
 1.2614030777040703
 1.1996746780550247
 0.8577270482729813
 0.92269920956772478
 0.98251369555525359
 1.0370838383032452
 1.0864107621021566
 1.1306074243288766
 1.1699130411209053
 1.2046931984909874
 1.2354229895745119
 1.2626515857650933
 1.2869464226682352
 1.3088129675718645
 1.328580635583779
 1.3462346317554148
 1.3611529348804774
 1.3716681383813447
 1.3742955124789697
 1.3623065157375416
 1.3229748879042227
 1.2320160876529651
 0.85891285231506953
 0.93965894670597538
 1.0135139899321353
 1.0803896223223417
 1.1403026964130822
 1.193405361593475
 1.240003258948303
 1.28055632522174
 1.3156591255704937
 1.3459989751957837
 1.3722899180507182
 1.3951780248505867
 1.4151069524794626
 1.4321194830466863
 1.4455452075332362
 1.4534746762192885
 1.4518198914273193
 1.4325502213667758
 1.3802314608300139
 1.2649436512333561
 0.86008407826708855
 0.95396234691135096
 1.0395001196845071
 1.1166124927816692
 1.1853327403997769
 1.2458484214035526
 1.2985234068429645
 1.3438997981964602
 1.3826764162495695
 1.4156620730123664
 1.4437016371800815
 1.4675699132738449
 1.4878207834289416
 1.5045635641608488
 1.5171083242385144
 1.5233625498474839
 1.5187413251115196
 1.4941007007492575
 1.4316536996163103
 1.2965852490726859
 0.86116984837165211
 0.96553609826947917
 1.0603943992262901
 1.1456692127689712
 1.2214116305736384
 1.2878413019403374
 1.3453722790164677
 1.3946164242016299
 1.4363609499932153
 1.4715183167119359
 1.501046460574224
 1.5258339561078271
 1.5465361817171408
 1.563331021526648
 1.5755283419484722
 1.5808999756146958
 1.5744603602763307
 1.5461421569390039
 1.4761918817160229
 1.3257202191103885
 0.86211495216677714
 0.97432344590410846
 1.0761372169016181
 1.1674964026064512
 1.2484717037427771
 1.3193118019506962
 1.3804729253668211
 1.432624058357534
 1.4766243561136392
 1.5134710392012569
 1.5442157032766337
 1.5698432533649007
 1.5910982922653401
 1.6082245359700178
 1.6205451825630224
 1.625738185700961
 1.6185111996870249
 1.5880701447639352
 1.5131049492388666
 1.3515163592682995
 0.86287606109054471
 0.98028003802314922
 1.0866822854096365
 1.1820451369437779
 1.2664609062927126
 1.3402043763111742
 1.4037659185891289
 1.4578587594396373
 1.503397029816717
 1.5414429474116473
 1.5731210256331054
 1.5994931563911343
 1.6213783438774925
 1.6390802682412764
 1.6519457006000233
 1.6575981402510891
 1.6505330558635718
 1.6194332474156259
 1.5418580031270583
 1.3733862758843385
 0.86341909943405093
 0.98337110791120275
 1.0919935057616368
 1.1892774457618398
 1.2753389584956969
 1.3504760364018831
 1.4152050877594355
 1.4702704638247481
 1.5166238535109813
 1.5553719873993381
 1.5876905043077321
 1.6146975158026116
 1.6372698229320291
 1.6557632205536519
 1.6695565415776741
 1.6762575864048199
 1.6702459940425809
 1.6398908097431393
 1.5620571551758353
 1.3909039131472638
 0.86371759203477649
 0.98356973697861461
 1.0920430864694222
 1.1891642693135815
 1.275075160746697
 1.3500940479550585
 1.4147551615846963
 1.4698206312167279
 1.5162618964207002
 1.5552091294388655
 1.5878664884799163
 1.6153864935518139
 1.6386859221278662
 1.6581636217083682
 1.6732381298908909
 1.6815404272783407
 1.6774325706457214
 1.6491835981546632
 1.5734078622370702
 1.4037539745706149
 0.8637520243147867
 0.9808562213847003
 1.0868109281042577
 1.1816848781680862
 1.2656478707532732
 1.3390354881134263
 1.4023914253089724
 1.4564820152219673
 1.5022802998927898
 1.5409183449934509
 1.5736055971362826
 1.6015064179260274
 1.6255589255360223
 1.6461952436593061
 1.66288092538979
 1.6733094685365331
 1.671925303246657
 1.647114477016405
 1.5756886202007414
 1.4117009149163953
 0.86351063355757418
 0.9752190192494431
 1.0762858594513829
 1.1668284894141459
 1.2470465457064277
 1.3172897203411607
 1.378102605542201
 1.4302419122414594
 1.4746638238815535
 1.5124803571132004
 1.5448825361655874
 1.5730234543653154
 1.597843396970664
 1.6197975874182182
 1.6384058538949422
 1.6514641192691797
 1.6536006048205492
 1.6335378598379748
 1.568736113526263
 1.4145713392267012
 0.86299286460204672
 0.96665874060631596
 1.0604705935106098
 1.1446004516689803
 1.219279251678463
 1.284867193386213
 1.3419008364348053
 1.3911131194699862
 1.4334245878826299
 1.4699049285845718
 1.5017026626916816
 1.5299361191566307
 1.5555282273754267
 1.5789469255761472
 1.5997736660108837
 1.6159472884545398
 1.6223824854982636
 1.608359815860402
 1.5524420277676079
 1.4122487754665356
 0.86221860878737122
 0.95519907617439148
 1.0393956300597702
 1.1150398108293209
 1.1823940544116258
 1.2418244507782337
 1.293849863980818
 1.3391647985616761
 1.3786350110447767
 1.4132652771464409
 1.4441372607979701
 1.4723107717806398
 1.4986716417542347
 1.5236900284549677
 1.5470164771145323
 1.5667737607161139
 1.5782668641261122
 1.5715578084323805
 1.5267685521255192
 1.4046865094736769
 0.86125078133214816
 0.94091498605827528
 1.0131569301057233
 1.078268188302931
 1.1365391727714624
 1.1883346391515224
 1.2341444869718394
 1.2746092249618697
 1.3105202047461282
 1.3427944815983379
 1.3724223865723959
 1.4003813598560788
 1.4275002845121363
 1.4542409282547393
 1.4803303577410529
 1.5041165369017877
 1.5213995126400841
 1.5232485913516471
 1.491806253170622
 1.3919586771646861
 0.86024849915835011
 0.92400614100372291
 0.98202155277542391
 1.0346313567890815
 1.0821391636023396
 1.1248944740386677
 1.163343477044283
 1.1980555926770886
 1.2297277067759314
 1.2591664565828042
 1.2872466981267479
 1.3148399663531427
 1.342698441976645
 1.3712646032466558
 1.4003487101623824
 1.4285641567183001
 1.4523104828830105
 1.4638928723835163
 1.4479459208628815
 1.3744074887236468
 0.85958324856294932
 0.90499435498737568
 0.94674212476205111
 0.98513489441946167
 1.0204414959425359
 1.052966311578281
 1.0830904997816191
 1.1112934500923326
 1.1381580186941811
 1.1643593415088225
 1.1906346442526661
 1.2177277817168126
 1.2462953821216369
 1.2767490322623947
 1.3089857187141321
 1.341918428285747
 1.3726428553682051
 1.3949258280262109
 1.3963863978173576
 1.3530443084204649
 0.8600255638447416
 0.88527992777490361
 0.90956752372602134
 0.93288174732487128
 0.95532433555509955
 0.97709562724001542
 0.99848311419550917
 1.0198587866443138
 1.0416775307931925
 1.0644694488300153
 1.0888200793328571
 1.1153310746969873
 1.1445492637427914
 1.1768430958934297
 1.2121901101825105
 1.2498131822374674
 1.2875586960790142
 1.3208287016846194
 1.3407155422417949
 1.3305950551621222
 0.86250925236120646
 0.86885639870219611
 0.87780716701598449
 0.88818467577152849
 0.89969077906602224
 0.91235788357568859
 0.92636654762955872
 0.94198608899178249
 0.95955602189477074
 0.979477622042915
 1.0022015275998313
