# Created by Octave 6.3.0, Mon Sep 27 11:21:40 2021 GMT <unknown@Rogerio-HP>
# name: u
# type: matrix
# rows: 400
# columns: 1
 0.85514939779212085
 0.85700967698067931
 0.86065360343682373
 0.86600774108346468
 0.87301407477098558
 0.88163609346258243
 0.89186133496669728
 0.9037012760736961
 0.91718873588228211
 0.93237255632525462
 0.94930894327687154
 0.96804830882823123
 0.9886155440277653
 1.0109800328770695
 1.0350087156333141
 1.060389608027912
 1.0865006593846906
 1.1121696206330616
 1.1351946732721416
 1.1512743353218813
 0.85570690880193934
 0.88122538998386213
 0.90591805579119833
 0.92970982162801374
 0.95256683687051258
 0.97450897225451405
 0.9956167945962997
 1.0160314198860936
 1.0359462393743086
 1.055589684724906
 1.0751978214425142
 1.0949742931981674
 1.1150323987200479
 1.1353088185406215
 1.1554287045846623
 1.1744834808286013
 1.1906477355227145
 1.200494492666025
 1.1977428044538452
 1.1709662725409897
 0.85661840782469212
 0.90317893898080859
 0.94660204294713179
 0.98680642597167312
 1.0237769711535087
 1.0575829104805705
 1.0883885662379673
 1.1164531844843932
 1.1421178759711799
 1.1657783654207299
 1.1878419510527667
 1.2086652868053509
 1.228465422995997
 1.2471883471069833
 1.2643038868606764
 1.278466854622345
 1.286928377861549
 1.2844699971494602
 1.2614030111911783
 1.1996746115441366
 0.85772698175589024
 0.92269914304990575
 0.98251362903908945
 1.0370837717843782
 1.0864106955865884
 1.1306073578106852
 1.1699129746031702
 1.2046931319745129
 1.235422923056388
 1.2626515192471921
 1.2869463561522454
 1.3088129010512193
 1.3285805690692274
 1.3462345652348371
 1.3611528683629639
 1.3716680718636711
 1.3742954459593408
 1.3623064492192032
 1.3229748213851105
 1.232016021134356
 0.85891278579952235
 0.93965888019088784
 1.0135139234165471
 1.0803895558062449
 1.1403026298979868
 1.1934052950782581
 1.2400031924303974
 1.2805562587096464
 1.3156590590506021
 1.3459989086825874
 1.3722898515343986
 1.3951779583334349
 1.4151068859648515
 1.4321194165317988
 1.4455451410154765
 1.4534746097071158
 1.4518198249094671
 1.4325501548528261
 1.3802313943141273
 1.2649435847180002
 0.86008401175271754
 0.95396228039705366
 1.0395000531714418
 1.1166124262655732
 1.1853326738884453
 1.2458483548878467
 1.2985233403302239
 1.343899731684113
 1.3826763497353194
 1.4156620064987171
 1.4437015706706273
 1.4675698467560134
 1.4878207169208777
 1.5045634976455369
 1.5171082577258723
 1.5233624833353869
 1.5187412585981597
 1.4941006342361123
 1.431653633105155
 1.2965851825595094
 0.86116978185290394
 0.96553603175113356
 1.0603943327076675
 1.1456691462497126
 1.2214115640547449
 1.2878412354217297
 1.3453722124939678
 1.3946163576857051
 1.4363608834685631
 1.4715182501941455
 1.5010463940525445
 1.5258338895862624
 1.5465361151970358
 1.5633309550067098
 1.5755282754241144
 1.5808999090966669
 1.5744602937521006
 1.5461420904185088
 1.4761918151943669
 1.3257201525886666
 0.86211488565488548
 0.974323379390172
 1.0761371503911592
 1.1674963360918136
 1.2484716372334221
 1.3193117354379569
 1.3804728588560746
 1.4326239918462162
 1.4766242896041826
 1.5134709726885334
 1.5442156367702928
 1.5698431868506433
 1.5910982257603541
 1.6082244694569996
 1.6205451160555706
 1.6257381191910796
 1.6185111331783155
 1.5880700782544246
 1.5131048827300861
 1.3515162927589723
 0.86287599457388897
 0.98027997150399793
 1.0866822188934753
 1.1820450704260559
 1.2664608397726833
 1.3402043097963758
 1.4037658520665828
 1.4578586929244917
 1.503396963295432
 1.5414428808943066
 1.5731209591123787
 1.5994930898738795
 1.6213782773548244
 1.6390802017229675
 1.6519456340795768
 1.6575980737326703
 1.6505329893407856
 1.6194331808997184
 1.5418579366051182
 1.3733862093665397
 0.86341903291853095
 0.98337104138916298
 1.0919934392491988
 1.1892773792427376
 1.2753388919776896
 1.3504759698861164
 1.4152050212425882
 1.4702703973049882
 1.5166237869984398
 1.5553719208770771
 1.5876904377942744
 1.6146974492844293
 1.637269756416865
 1.6557631540332975
 1.6695564750658825
 1.6762575198818332
 1.670245927525811
 1.6398907432267851
 1.562057088653519
 1.3909038466297017
 0.86371752552767245
 0.98356967046420052
 1.0920430199646038
 1.1891642028049814
 1.2750750942317153
 1.3500939814554431
 1.4147550950705587
 1.46982056470972
 1.5162618299139043
 1.5552090629322282
 1.5878664219669201
 1.6153864270515907
 1.6386858556161186
 1.658163555205058
 1.6732380633862487
 1.6815403607727917
 1.6774325041407483
 1.6491835316585797
 1.5734077957266088
 1.4037539080710266
 0.86375195779120617
 0.98085615485017164
 1.0868108615844418
 1.1816848116375238
 1.2656478042214481
 1.3390354215900517
 1.4023913587790391
 1.4564819486865725
 1.5022802333721101
 1.5409182784573829
 1.5736055306069785
 1.6015063513945813
 1.6255588590027825
 1.6461951771208814
 1.6628808588616266
 1.6733094019928425
 1.6719252367115345
 1.6471144104814954
 1.5756885536555052
 1.4117008483821161
 0.86351056705850182
 0.97521895274104375
 1.0762857929537184
 1.1668284229141046
 1.2470464791995135
 1.3172896538496488
 1.3781025390347343
 1.4302418457442783
 1.4746637573831911
 1.512480290614507
 1.5448824696651131
 1.5730233878801363
 1.5978433304689323
 1.6197975209285052
 1.6384057874050537
 1.6514640527790176
 1.6536005383282759
 1.6335377933544279
 1.5687360470314262
 1.4145712727404525
 0.8629927980789216
 0.96665867407517148
 1.0604705269908337
 1.1446003851410558
 1.2192791851548623
 1.2848671268591094
 1.341900769910312
 1.3911130529444005
 1.4334245213599555
 1.4699048620487813
 1.5017025961700865
 1.529936052618968
 1.5555281608480744
 1.5789468590415445
 1.5997735994809505
 1.6159472219173345
 1.6223824189688161
 1.6083597493244024
 1.552441961236146
 1.4122487089315181
 0.86221854226462769
 0.95519900965909166
 1.0393955635360086
 1.1150397443034819
 1.1823939878894896
 1.2418243842505861
 1.2938497974530732
 1.3391647320471036
 1.378634944507136
 1.4132652106294548
 1.4441371942806533
 1.4723107052442634
 1.4986715752347246
 1.5236899619370008
 1.5470164105712878
 1.5667736942019856
 1.578266797594801
 1.5715577418976754
 1.5267684856125185
 1.4046864429376382
 0.86125071484358773
 0.9409149195923926
 1.013156863615277
 1.0782681218205588
 1.1365391063217094
 1.1883345726574952
 1.2341444205079033
 1.2746091585044783
 1.3105201382557772
 1.3427944151361235
 1.372422320135404
 1.4003812933570898
 1.4275002180861447
 1.4542408618037335
 1.4803302912660667
 1.5041164704840695
 1.5213994461926146
 1.5232485248737815
 1.4918061867666363
 1.3919586107005744
 0.86024843254403782
 0.92400607444866911
 0.98202148614326412
 1.0346312901772434
 1.0821390970447828
 1.1248944073915823
 1.1633434104214608
 1.1980555261086605
 1.2297276401035886
 1.259166389971224
 1.2872466315078124
 1.3148398996516941
 1.3426983753597499
 1.3712645365948222
 1.400348643435126
 1.4285640901158398
 1.452310416197409
 1.4638928056521683
 1.4479458542587726
 1.3744074220181457
 0.85958318214573737
 0.90499428869449883
 0.94674205833855574
 0.98513482800718288
 1.0204414296402915
 1.0529662451485873
 1.0830904334245588
 1.1112933838058769
 1.1381579522806353
 1.16435927521893
 1.1906345779945187
 1.2177277153255703
 1.2462953159167061
 1.2767489660059552
 1.3089856523408756
 1.3419183621141868
 1.372642789104431
 1.3949257616942803
 1.3963863316775598
 1.3530442421127091
 0.86002549708208087
 0.8852798611973276
 0.90956745697126407
 0.93288168062239141
 0.95532426895959544
 0.97709556045799706
 0.99848304749602679
 1.019858720013225
 1.0416774638962554
 1.064469382133332
 1.0888200126062095
 1.1153310077590612
 1.1445491970089297
 1.176843029136615
 1.2121900431983428
 1.2498131155431424
 1.28755862920543
 1.3208286347291358
 1.3407154755588588
 1.3305949882266987
 0.86250918598436632
 0.86885633238114768
 0.87780710050536614
 0.88818460941371191
 0.89969071279745227
 0.91235781702218532
 0.92636648128796817
 0.94198602279567401
 0.9595559553453169
 0.97947755581185647
 1.0022014613857582
 1.0282012179039788
