# Created by Octave 6.3.0, Mon Sep 27 14:53:12 2021 GMT <unknown@LAPTOP-7NASCU26>
# name: u
# type: matrix
# rows: 256
# columns: 1
 0
 0
 0
 0
 0
 0
 0
 0
 0
 0
 0
 0
 0
 0
 0
 0
 0
 0.038703785815232115
 0.071879834198628798
 0.099570075985135051
 0.12189874104073392
 0.13910139309654648
 0.15152682516020866
 0.15960569582564033
 0.16378182075153661
 0.16439837596474352
 0.16151702849812619
 0.15461288215127281
 0.14200769629190274
 0.11971552192292857
 0.078909833956518183
 0
 0
 0.071876329034623515
 0.13348628589554321
 0.18490724583632004
 0.22636941766023602
 0.25830978642050295
 0.28137562684547035
 0.29636624655288868
 0.30410541757921655
 0.30523020161893871
 0.29985550254266741
 0.287008577490935
 0.2635785662487421
 0.22217639205986123
 0.14643497027484803
 0
 0
 0.09951749860639425
 0.18481917866416969
 0.25601149508883486
 0.31341250645438673
 0.35762659997073959
 0.38954937260575584
 0.4102869999546771
 0.42097971697679976
 0.42250973419909049
 0.41503747050976342
 0.39721993482353185
 0.36475855699049503
 0.30743906228074452
 0.20262504303829923
 0
 0
 0.12162726964150175
 0.22587852579517093
 0.31288301458020601
 0.38302859778465209
 0.43705313663960388
 0.47605050401633869
 0.50137211769627787
 0.51441139669175739
 0.51624722350170782
 0.5070780153204878
 0.48526797731794019
 0.44557454532469049
 0.37553281308434544
 0.24750205800982716
 0
 0
 0.13820566782434621
 0.25666442510750703
 0.35552207239159433
 0.43521828549016522
 0.49659053708065165
 0.54088100815989781
 0.56962483090194893
 0.58440544215603618
 0.58645001568809663
 0.57598743523927687
 0.5511662220170479
 0.50604257617766424
 0.42647363833478613
 0.28107691054084782
 0
 0
 0.14925274292642945
 0.27717701127748234
 0.38392895933706245
 0.46998212868760347
 0.53623978664139915
 0.58404250723438389
 0.61504766629105112
 0.63096560428546422
 0.6331234196260328
 0.62177284157350843
 0.59492352336913901
 0.54617254486449085
 0.46027077429349139
 0.30335550694027569
 0
 0
 0.15476855874171516
 0.28741643928541311
 0.3981039754569824
 0.48732065540931924
 0.55600175641551253
 0.6055363637145581
 0.63764265741914139
 0.65409478377619668
 0.65627137787250212
 0.64443929100239572
 0.61654588802289034
 0.56597083598623132
 0.47692988940758968
 0.31434131993909453
 0
 0
 0.15475319567728527
 0.28738289331448752
 0.39804745207187447
 0.48723440929598472
 0.55587728957115512
 0.60536382835816249
 0.63741158411861665
 0.65379540857252683
 0.65589704773052604
 0.64399065613306172
 0.61603771174366873
 0.56544191711091851
 0.47645478952962284
 0.31403660798231087
 0
 0
 0.14920677294827139
 0.27707663583519743
 0.38375983686586601
 0.46972408305401264
 0.53586740045272563
 0.58352632532995896
 0.61435637077600858
 0.63006997573127987
 0.63200352261906934
 0.62043055454143947
 0.59340291637185338
 0.54458960640887222
 0.45884860961866136
 0.3024431829701501
 0
 0
 0.13812951982632107
 0.25649816182425067
 0.35524194934435865
 0.4347909013120721
 0.49597381601545637
 0.54002618913516209
 0.56848005447222305
 0.58292228301452431
 0.5845953403487929
 0.57376411371129787
 0.54864688508804926
 0.50341899938013845
 0.42411543946100111
 0.2795633733801976
 0
 0
 0.12152200165358706
 0.22564868564199611
 0.31249578590696703
 0.38243782060632614
 0.43620066624144349
 0.47486894866623514
 0.49978976462772728
 0.51236117782805379
 0.51368301391885729
 0.504003177200121
 0.48178205504408328
 0.44194190673223832
 0.37226481222623797
 0.24540263895990744
 0
 0
 0.099385890322523651
 0.18453180748920017
 0.2555272872627129
 0.3126736819527241
 0.35656037003014102
 0.38807133978623298
 0.40830725186356065
 0.41841391624311974
 0.41929932986364549
 0.41118525215649143
 0.39284855128858176
 0.36019725578589257
 0.30332885459883963
 0.19997973011944215
 0
 0
 0.071726855373739379
 0.13315979814380646
 0.18435685396490115
 0.22552912477616577
 0.25709640978150877
 0.27969261171925153
 0.29411046564287974
 0.30117954952786513
 0.30156541031722617
 0.29545165382485172
 0.28200115359437572
 0.25833937213106867
 0.21743878605185174
 0.14337338463497615
 0
 0
 0.03856664858020234
 0.071580009392903016
 0.099063909927431956
 0.12112469234143088
 0.13798178820886917
 0.14997127426621035
 0.15751712167415635
 0.16106745811747683
 0.16099013496051787
 0.15740816559458334
 0.14992025546959276
 0.13706824948705143
 0.11521269203273039
 0.075969942483914712
 0
 0
 0
 0
 0
 0
 0
 0
 0
 0
 0
 0
 0
 0
 0
 0
 0


# name: flag
# type: scalar
0


# name: relres
# type: scalar
8.4762479460015261e-09


# name: iter
# type: matrix
# rows: 1
# columns: 2
 24 2


# name: resvec
# type: matrix
# rows: 95
# columns: 1
 212.4361397520187
 146.48441579511311
 116.405840621813
 107.03982671396733
 101.95032539695214
 99.124136003476693
 95.911646238441307
 93.265249147406564
 88.708456250232302
 85.341738852982104
 81.205120816813519
 70.437184452825363
 52.445877478542471
 43.482396422412478
 32.959951455768959
 24.054214586388326
 15.787476856028205
 11.104135272694581
 8.5248933938745921
 7.5786757218975289
 6.993101239797296
 6.4186354717382521
 5.1136443670855085
 3.1680785693588085
 1.6990354589590293
 1.1854980199746701
 0.97889948068047394
 0.90307984538491137
 0.87713811441004519
 0.85594339543857745
 0.79462006452513889
 0.67051009116414195
 0.32332222110589603
 0.16018884985039133
 0.11713039000135787
 0.089120397400877405
 0.06910196306319312
 0.063155743675938833
 0.060551343586089053
 0.058106780417705103
 0.046545591444539972
 0.037610194612317821
 0.034343370536421954
 0.026827074112976634
 0.017269564797114428
 0.012885657994812269
 0.011122966895514643
 0.010315796787207867
 0.0096351015121873725
 0.0090951075714789473
 0.0079507585529003909
 0.0037583107275649436
 0.0024893747350018371
 0.0019298665745380106
 0.0014263486222880406
 0.0013286566538685477
 0.0012707215596421046
 0.0012186972435933429
 0.0011381576268710599
 0.00099678354022102763
 0.00079739783493700434
 0.00063906851340157658
 0.00043795277334210511
 0.00035777770142881037
 0.00029221569167903986
 0.00025714759592414439
 0.00024077565156323312
 0.00023102380808174731
 0.00016798477005067509
 0.00012865980663469119
 0.00011624324937884042
 0.00010885903041636093
 9.2978375852552901e-05
 7.9690220575021645e-05
 6.0015069266707652e-05
 4.7973124072057542e-05
 3.9653560155991451e-05
 3.4942621927363889e-05
 3.2732133076398674e-05
 3.1426817174306115e-05
 2.7358271971828689e-05
 2.4299825492190878e-05
 2.2578167313615321e-05
 1.3949584531856837e-05
 9.4740987175038329e-06
 7.7978851553229923e-06
 6.6211514915984946e-06
 6.3214360890084764e-06
 5.9132186968050367e-06
 5.5355466066607302e-06
 5.2242421883470862e-06
 4.5221522051671431e-06
 3.7381473264936366e-06
 3.0547233630974188e-06
 1.8006613932295417e-06


# name: x
# type: matrix
# rows: 1
# columns: 16
 0 0.066666666666666666 0.13333333333333333 0.20000000000000001 0.26666666666666666 0.33333333333333331 0.40000000000000002 0.46666666666666667 0.53333333333333333 0.59999999999999998 0.66666666666666674 0.73333333333333339 0.80000000000000004 0.8666666666666667 0.93333333333333335 1


# name: y
# type: matrix
# rows: 1
# columns: 16
 0 0.066666666666666666 0.13333333333333333 0.20000000000000001 0.26666666666666666 0.33333333333333331 0.40000000000000002 0.46666666666666667 0.53333333333333333 0.59999999999999998 0.66666666666666674 0.73333333333333339 0.80000000000000004 0.8666666666666667 0.93333333333333335 1


# name: n
# type: scalar
16


# name: m
# type: scalar
16


# name: tempo
# type: scalar
0.046861171722412109


# name: diretorio
# type: sq_string
# elements: 1
# length: 5
GMRES


