# Created by Octave 6.3.0, Mon Sep 27 14:53:20 2021 GMT <unknown@LAPTOP-7NASCU26>
# name: u
# type: matrix
# rows: 256
# columns: 1
 -0.11257379241789413
 -0.11070136969343966
 -0.10726308671490344
 -0.10251368453554859
 -0.096604736210105693
 -0.089543610973991161
 -0.081152919409091862
 -0.071063198387740598
 -0.058737180615349258
 -0.043510652843608728
 -0.024690693828469251
 -0.0017390680227260442
 0.025446109256935474
 0.056014175737608904
 0.087110288044504686
 0.11151860833176826
 -0.11096649519146316
 -0.072677383952156185
 -0.037960347726716484
 -0.0070599110680372914
 0.019980903710549117
 0.043378557171413833
 0.063652001984698586
 0.081603395372420298
 0.098234260313868255
 0.11461127547777665
 0.13161907160786437
 0.14953306343303635
 0.16729641699932327
 0.18114433224739354
 0.18177646202871439
 0.14838491029660889
 -0.10827461003983581
 -0.038732274751882484
 0.022864380872454008
 0.076269190664510753
 0.12152687009025075
 0.15904628113756047
 0.18964818053280041
 0.214525019942957
 0.23511321032074517
 0.25288691565149346
 0.26900237795944443
 0.28368741086927701
 0.29519125647773337
 0.29771330049770922
 0.27697475968413793
 0.20012769261023558
 -0.10488612991338783
 -0.0092943675499166968
 0.07472638706667209
 0.14693349191062832
 0.20744620374483705
 0.25683596671812681
 0.29618289012290372
 0.32702394821534414
 0.35118697026215179
 0.37053878746572083
 0.38654472497970122
 0.39951492917261783
 0.40728391475936321
 0.40251998368908626
 0.36676670998131272
 0.25635250214033584
 -0.10109901141125367
 0.015319580484042151
 0.11728011148256602
 0.20455561945814005
 0.27733087599122236
 0.3363114775091347
 0.38279531506820658
 0.41861054257165459
 0.44592388419189216
 0.46695876771273093
 0.48349308252129847
 0.49598493513498643
 0.50202014480512192
 0.49307953110051528
 0.4472096862684698
 0.31149323917795185
 -0.097151747707984334
 0.034860400542092787
 0.15025779595495889
 0.2488445296998045
 0.33086561725950103
 0.39713444372155776
 0.44912336039460726
 0.48889291144009223
 0.51888798858612384
 0.54163672544474839
 0.55920680211687224
 0.57222858746016358
 0.57815188471205337
 0.56755674258580135
 0.51570290867226498
 0.36226923477027212
 -0.093242376415262451
 0.049123643196160284
 0.17344230330981364
 0.27956808641429698
 0.36780228525059172
 0.4390400579718779
 0.49488023714346341
 0.53755833983112811
 0.56972488266460386
 0.59415176076646858
 0.61315504483714522
 0.62753878451551048
 0.63470371012622795
 0.62460983035421624
 0.57048709403013487
 0.40660120481858009
 -0.089547872919006191
 0.057928576384115624
 0.18664705690116429
 0.29653113939153158
 0.38793566379794636
 0.46180981330017296
 0.51983059927697195
 0.5643425242727883
 0.59813429235757076
 0.62414906664967607
 0.64489592911240978
 0.66133903105463998
 0.67091136334421564
 0.66324148836252261
 0.6103210030724413
 0.44308133686326295
 -0.086230731298125848
 0.061109718489277091
 0.18969936914272731
 0.29954997604584893
 0.39106919371378729
 0.46522998366159002
 0.52373911524055483
 0.56898480342828583
 0.60382205185365057
 0.63128856850607185
 0.65402315407417366
 0.67313024242992314
 0.6861495223491817
 0.68267768328769507
 0.63428763748567718
 0.47069726104398102
 -0.083430350207803511
 0.058524996245196741
 0.18245007522778495
 0.28846509859907354
 0.3770278825030236
 0.44911314090814625
 0.50640253726836537
 0.55126520302549264
 0.58653865279282102
 0.61528082180487265
 0.64019253533724574
 0.66249744308702874
 0.67991928140660907
 0.68232369645924051
 0.64170364986554207
 0.48870776336532262
 -0.081271819456401106
 0.05004965610442963
 0.1647780595625111
 0.26315736401531464
 0.34569336660031097
 0.41333677169797667
 0.46769910061345343
 0.51105111924886049
 0.54613417282032162
 0.57593763564113665
 0.60316847962645848
 0.62914232667716996
 0.6518548869359122
 0.6617371756830881
 0.63205869443319784
 0.49656458344214383
 -0.079859368185527427
 0.035581949366998537
 0.13658648015437236
 0.22353858940438107
 0.29698245474175389
 0.35781242810710995
 0.40752477650314195
 0.44822693034143518
 0.48247407395239222
 0.51310650143221881
 0.54276778066052467
 0.57285097346591363
 0.60168057017309129
 0.6205888231914205
 0.60497561363393448
 0.49386288550165408
 -0.079195637047161191
 0.015123732071044301
 0.097895040252087118
 0.16965656246466115
 0.23096111484658902
 0.28261605742245077
 0.32595213001540424
 0.36285437596422065
 0.39560985167587309
 0.42683431060077831
 0.45902568018210971
 0.49362668413293248
 0.5293609116908865
 0.55878909773670649
 0.56032196479856533
 0.48045326310601338
 -0.079117115971039667
 -0.011060034195838403
 0.049124053254151728
 0.10209632865695796
 0.1483880985929984
 0.18864711873102313
 0.22400412623978991
 0.25603487305312006
 0.28667814842384332
 0.31821933441416744
 0.35299129996420631
 0.39241021400497172
 0.43572560531308102
 0.4770054223472544
 0.49862363373083551
 0.45673331660416233
 -0.079027204771624851
 -0.041790877984847555
 -0.0077940420689024247
 0.023521218377256074
 0.052499180780172051
 0.079644289972318108
 0.10578658903310946
 0.13214157939379836
 0.16015410270403163
 0.19174651575268425
 0.22900459334942805
 0.27339003594874856
 0.32463135644748309
 0.37865212382373276
 0.42259428264430599
 0.42474646434111735
 -0.077191281927670899
 -0.071568461337103664
 -0.063290267170344292
 -0.053040353881234154
 -0.04084526480425258
 -0.026480204637875621
 -0.0092703364618625089
 0.011536139410796486
 0.036917345112900873
 0.068382855324902875
 0.10783008529645934
 0.15668532733748394
 0.2150947836483551
 0.28070232265116929
 0.34575653851021987
 0.39315683975563825


# name: flag
# type: scalar
3


# name: relres
# type: scalar
0.053689377391717232


# name: iter
# type: matrix
# rows: 1
# columns: 2
 706 4


