# Created by Octave 6.3.0, Sat Sep 25 14:44:59 2021 GMT <unknown@DESKTOP-EJ47PRO>
# name: u
# type: matrix
# rows: 400
# columns: 1
 0
 0
 0
 0
 0
 0
 0
 0
 0
 0
 0
 0
 0
 0
 0
 0
 0
 0
 0
 0
 0
 0.024856934013705114
 0.046952083570834989
 0.066295130103880273
 0.082916016266323334
 0.096874811332009952
 0.10826749036908652
 0.11722614622809258
 0.12391277161478154
 0.12850604814227784
 0.13118040861018473
 0.13207570225298992
 0.13125359578073537
 0.12863247265725178
 0.12388423062167898
 0.11626023085293505
 0.10428153691662831
 0.085162373041408376
 0.053693936032067478
 0
 0
 0.046951360698765127
 0.088685899974449409
 0.12522180671260116
 0.15661553678806972
 0.18298045298022791
 0.20449774224670481
 0.22141681391258128
 0.23404355134913479
 0.2427153561789526
 0.24776160432990124
 0.24944636699502956
 0.24788610656496768
 0.24292681227536755
 0.23394926282926801
 0.21954062830144938
 0.19690997794685502
 0.16080011114959644
 0.10137966030981993
 0
 0
 0.066283234714467884
 0.12520137106657064
 0.17677995244101774
 0.2210985402518918
 0.25831703556197277
 0.28869109425653278
 0.31257268919192821
 0.33039352420779017
 0.34262980709546337
 0.34974643924787202
 0.35211619144865575
 0.34990359193398946
 0.34289162339251855
 0.33020706163071201
 0.30985727057832041
 0.27790560844320006
 0.22693570752463094
 0.14307510107265045
 0
 0
 0.082852538142125287
 0.15649847166242262
 0.22096955938119137
 0.27636507560406015
 0.32288471975522171
 0.36084789013555552
 0.390694389477523
 0.41296369745827266
 0.42825094934755015
 0.43713720286730601
 0.44008846820666481
 0.43731067938013024
 0.42853325354097083
 0.41266605874862833
 0.38722082026760135
 0.34728084188761504
 0.28358154441179267
 0.17878887284326955
 0
 0
 0.096659268610886168
 0.1825772055874304
 0.25779065606941071
 0.32241522538822787
 0.37668368311907346
 0.42096845623482648
 0.45578245905561499
 0.48175492147004423
 0.49958005221197788
 0.50993572621218397
 0.51336576607813467
 0.5101108776226484
 0.49985635097801573
 0.48133216705162507
 0.45163836452878448
 0.40504340752988283
 0.33074476076655751
 0.20852554692906852
 0
 0
 0.10770343251852342
 0.20343759254712912
 0.28724328972572066
 0.3592490867105389
 0.41971410377364499
 0.46905309288789998
 0.50783737306907073
 0.53676791274314206
 0.55661815602862952
 0.56814347351251049
 0.57195008762535415
 0.5683068451825205
 0.55686432219312532
 0.53620955309447338
 0.50311467377433783
 0.45119824451982155
 0.36842967119036435
 0.23228774582981188
 0
 0
 0.11598504127320583
 0.21907966095049822
 0.30932751699065503
 0.38686676173937573
 0.45197615362922566
 0.50510207335654878
 0.54685954645924717
 0.5780032775125763
 0.59936611822052388
 0.61176162187165906
 0.61584300234128808
 0.61190060837469396
 0.59955968402723436
 0.57730118919636586
 0.54165302186079844
 0.48574860528104613
 0.39663900303174743
 0.25007707156168724
 0
 0
 0.1215041095752384
 0.22950344489619101
 0.32404340032853568
 0.40526835514946014
 0.47346999847535215
 0.52911564933417188
 0.5728493475051345
 0.60546153790999224
 0.62782465751130367
 0.6407911331820012
 0.64504575971291278
 0.64089373689380924
 0.62794432940694778
 0.60460924141121075
 0.56725571649096851
 0.50869670705339931
 0.41537455888295732
 0.26189455818342999
 0
 0
 0.12426065524989309
 0.23470898407725582
 0.33139100888499906
 0.41445397676605278
 0.48419580426795988
 0.54109406238987678
 0.58580711745253911
 0.61914316258353708
 0.64199440084924375
 0.65523282341883693
 0.65955939106544759
 0.65528749028572753
 0.64201973409226565
 0.61813534896311861
 0.57992445314471885
 0.5200441332564425
 0.42463759472746171
 0.26774091353562529
 0
 0
 0.12425470098400075
 0.2346963277522286
 0.33137042521734217
 0.41442375244103408
 0.48415375318934717
 0.54103756755215793
 0.58573320335002477
 0.61904861236071484
 0.64187594494643685
 0.65508744568147204
 0.65938481943390237
 0.65508296240196306
 0.64178714149850247
 0.61788085290339223
 0.5796605800279151
 0.51979211107009482
 0.42442906334526537
 0.26761666688327418
 0
 0
 0.12148627924351978
 0.2294655451016652
 0.32398176237074078
 0.40517784897379688
 0.47334407877004459
 0.52894648037478931
 0.57262802043068117
 0.6051784203090006
 0.62746995829647079
 0.64035581708172784
 0.64452301589500016
 0.6402812690874865
 0.62724778291244576
 0.60384704344744022
 0.5664653602803803
 0.50794176343199648
 0.41474982045989128
 0.26152228770485525
 0
 0
 0.1159554440225513
 0.21901675015166441
 0.3092252037490581
 0.38671653208752033
 0.4517671449345817
 0.50482128178057661
 0.54649218659024235
 0.57753336148036549
 0.59877738986271933
 0.61103907102067156
 0.61497529638144321
 0.61088388921598091
 0.59840325520965643
 0.57603556084488339
 0.54034037068145635
 0.48449447084601821
 0.39560090552944543
 0.24945834204913095
 0
 0
 0.10766229880468396
 0.20335016056128544
 0.28710109768257064
 0.3590403026756791
 0.41942363238024488
 0.46866286307067656
 0.50732683692068981
 0.53611484640917006
 0.55579995205889576
 0.56713923553584533
 0.57074399840661327
 0.56689343245050339
 0.55525636210180573
 0.53444927386801122
 0.50128836310797209
 0.44945264033288052
 0.36698413134346763
 0.2314258175462105
 0
 0
 0.096607065273019391
 0.18246624279895679
 0.25761019068002378
 0.32215023485485
 0.37631500119221201
 0.420473137778343
 0.45513441021105827
 0.48092591024913711
 0.49854133661247491
 0.50866069631464383
 0.51183419734347801
 0.5083155968738936
 0.4978132678798281
 0.47909454377130628
 0.44931549799740894
 0.40282171481771861
 0.32890363491707209
 0.20742698352836109
 0
 0
 0.082790260714456193
 0.15636608717533756
 0.22075423282356174
 0.27604885573284405
 0.32244470179867613
 0.36025664957135894
 0.38992072927396787
 0.41197384259739439
 0.42701047031827932
 0.43561413940460059
 0.43825837103133025
 0.43516453657253623
 0.42608946932534103
 0.40998757941941566
 0.38443770573889868
 0.34461598328206583
 0.2813704302119801
 0.17746794533136137
 0
 0
 0.066213179256768853
 0.12505242855279541
 0.17653763129829012
 0.22074256229084102
 0.25782151933553515
 0.2880250414215581
 0.3117008162118351
 0.32927758819768138
 0.34123073759224615
 0.34802780791501831
 0.35004983206541718
 0.34747848175180701
 0.34012738839200329
 0.32717343998025011
 0.30670003871454543
 0.27487660556220472
 0.22441681818126577
 0.14156686975407251
 0
 0
 0.046879271678813401
 0.088532580253406989
 0.12497222472302956
 0.15624863610488804
 0.18246934146328633
 0.20381018962605635
 0.22051609439331624
 0.23288977806819791
 0.24126762510942915
 0.2459814942373505
 0.24730364422797393
 0.24536781097405494
 0.24005120990866755
 0.23078620623978185
 0.21623915581211514
 0.19373118854633578
 0.15814529035320099
 0.099782616240890604
 0
 0
 0.024798332887054433
 0.046827366200189152
 0.066091887721197451
 0.082616830860723134
 0.096457410722766104
 0.10770515059109891
 0.11648835986568479
 0.12296629477670534
 0.1273165778016071
 0.12971533608342437
 0.13030864448987395
 0.12917170245775994
 0.12624781449933548
 0.12125073993330319
 0.11349730686386041
 0.10160350961514952
 0.08290676169980625
 0.052323263698950316
 0
 0
 0
 0
 0
 0
 0
 0
 0
 0
 0
 0
 0
 0
 0
 0
 0
 0
 0
 0
 0


# name: flag
# type: scalar
0


# name: relres
# type: scalar
9.420358988430858e-09


# name: iter
# type: matrix
# rows: 1
# columns: 2
 108 2


