# Created by Octave 6.3.0, Fri Sep 24 18:36:07 2021 GMT <unknown@Rogerio-HP>
# name: u
# type: matrix
# rows: 400
# columns: 1
 0
 0
 0
 0
 0
 0
 0
 0
 0
 0
 0
 0
 0
 0
 0
 0
 0
 0
 0
 0
 0
 0.024856934013772959
 0.046952083570963664
 0.066295130104070329
 0.082916016266563197
 0.096874811332306229
 0.10826749036942748
 0.11722614622847931
 0.12391277161520121
 0.12850604814272296
 0.13118040861065106
 0.1320757022534525
 0.13125359578119813
 0.12863247265767211
 0.12388423062207665
 0.1162602308532608
 0.10428153691690903
 0.085162373041594339
 0.053693936032176315
 0
 0
 0.046951360698895571
 0.088685899974697779
 0.12522180671297639
 0.1566155367885444
 0.18298045298082513
 0.20449774224738815
 0.2214168139133636
 0.23404355134997462
 0.24271535617984835
 0.24776160433082853
 0.24944636699595427
 0.24788610656588017
 0.24292681227619933
 0.23394926283004314
 0.21954062830208673
 0.19690997794739709
 0.16080011114995568
 0.1013796603100237
 0
 0
 0.06628323471465726
 0.12520137106693907
 0.17677995244157613
 0.22109854025261386
 0.2583170355628791
 0.28869109425758249
 0.31257268919311565
 0.33039352420907209
 0.34262980709681229
 0.34974643924927656
 0.35211619145003842
 0.34990359193536275
 0.34289162339375312
 0.33020706163186891
 0.30985727057926116
 0.27790560844400669
 0.22693570752516556
 0.14307510107295246
 0
 0
 0.082852538142369758
 0.15649847166289838
 0.22096955938192706
 0.27636507560501272
 0.32288471975643662
 0.36084789013695173
 0.39069438947911428
 0.41296369745997069
 0.42825094934934815
 0.43713720286915919
 0.44008846820850417
 0.43731067938193896
 0.42853325354260879
 0.41266605875014323
 0.38722082026884064
 0.34728084188865982
 0.28358154441249739
 0.1787888728436613
 0
 0
 0.096659268611189203
 0.18257720558802815
 0.25779065607033003
 0.32241522538943407
 0.37668368312059647
 0.42096845623659057
 0.4557824590576004
 0.4817549214721808
 0.49958005221421392
 0.50993572621451333
 0.5133657660804285
 0.51011087762493257
 0.49985635098007308
 0.48133216705354825
 0.45163836453035255
 0.40504340753120543
 0.33074476076744685
 0.20852554692956329
 0
 0
 0.10770343251888918
 0.20343759254784238
 0.28724328972682545
 0.35924908671197148
 0.41971410377546464
 0.46905309288998714
 0.50783737307143983
 0.53676791274567059
 0.55661815603130083
 0.56814347351527439
 0.57195008762810606
 0.56830684518524499
 0.55686432219561122
 0.53620955309677398
 0.50311467377624541
 0.45119824452140428
 0.36842967119144399
 0.23228774583040149
 0
 0
 0.11598504127364014
 0.21907966095134901
 0.30932751699195138
 0.38686676174106244
 0.45197615363133947
 0.50510207335899882
 0.5468595464620033
 0.57800327751555347
 0.5993661182236375
 0.61176162187491623
 0.61584300234450207
 0.61190060837791393
 0.59955968403016069
 0.5773011891990899
 0.54165302186304609
 0.48574860528291292
 0.39663900303301236
 0.25007707156237785
 0
 0
 0.12150410957574348
 0.22950344489716309
 0.32404340033002155
 0.40526835515136345
 0.47346999847775517
 0.52911564933694089
 0.57284934750828431
 0.60546153791337909
 0.62782465751487315
 0.6407911331856958
 0.64504575971657641
 0.64089373689743634
 0.62794432941028844
 0.60460924141428085
 0.5672557164935339
 0.50869670705549364
 0.41537455888439118
 0.26189455818419849
 0
 0
 0.12426065525046553
 0.23470898407836244
 0.331391008886668
 0.41445397676820317
 0.48419580427064896
 0.54109406239302016
 0.58580711745608938
 0.61914316258741353
 0.64199440085327886
 0.65523282342304379
 0.65955939106956163
 0.65528749028980982
 0.64201973409599478
 0.61813534896656175
 0.5799244531475769
 0.5200441332587793
 0.42463759472904933
 0.267740913536477
 0
 0
 0.12425470098463856
 0.23469632775344562
 0.33137042521919557
 0.41442375244339569
 0.48415375319232817
 0.54103756755562216
 0.58573320335397283
 0.61904861236500086
 0.64187594495091393
 0.6550874456860839
 0.65938481943845251
 0.65508296240641728
 0.64178714150262339
 0.61788085290715156
 0.57966058003108401
 0.51979211107265078
 0.42442906334702768
 0.2676166668842066
 0
 0
 0.12148627924421659
 0.22946554510300499
 0.32398176237277226
 0.40517784897641018
 0.47334407877330714
 0.52894648037862646
 0.5726280204349985
 0.60517842031375702
 0.6274699583013843
 0.64035581708683087
 0.64452301589999528
 0.64028126909241345
 0.62724778291698591
 0.60384704345161433
 0.5664653602838936
 0.50794176343485109
 0.41474982046185771
 0.26152228770590247
 0
 0
 0.11595544402330717
 0.21901675015311003
 0.30922520375128704
 0.38671653209036683
 0.4517671449381504
 0.50482128178472452
 0.54649218659490539
 0.57753336148546319
 0.59877738986805062
 0.61103907102617738
 0.61497529638690951
 0.61088388922133263
 0.59840325521467397
 0.5760355608494474
 0.54034037068536533
 0.4844944708491627
 0.39560090553165239
 0.24945834205029421
 0
 0
 0.10766229880548181
 0.20335016056283409
 0.28710109768496783
 0.35904030267878961
 0.41942363238409103
 0.46866286307519628
 0.50732683692568059
 0.53611484641465923
 0.55579995206459831
 0.56713923554182188
 0.57074399841252366
 0.56689343245635182
 0.55525636210725593
 0.53444927387297914
 0.50128836311220026
 0.44945264033629728
 0.36698413134585744
 0.23142581754747962
 0
 0
 0.096607065273854334
 0.18246624280057827
 0.25761019068259078
 0.32215023485818239
 0.37631500119633055
 0.42047313778313117
 0.45513441021638701
 0.48092591025493825
 0.49854133661856442
 0.50866069632098942
 0.5118341973498256
 0.5083155968800922
 0.49781326788563351
 0.47909454377648641
 0.44931549800185439
 0.40282171482124318
 0.32890363491956892
 0.20742698352966912
 0
 0
 0.082790260715282005
 0.15636608717699643
 0.22075423282619627
 0.2760488557363982
 0.32244470180302137
 0.36025664957641368
 0.38992072927952665
 0.41197384260350117
 0.42701047032461675
 0.43561413941126825
 0.43825837103792309
 0.43516453657898796
 0.42608946933129432
 0.40998757942472552
 0.38443770574340158
 0.34461598328562199
 0.28137043021448183
 0.17746794533267651
 0
 0
 0.066213179257574778
 0.12505242855445217
 0.17653763130090669
 0.22074256229442857
 0.25782151934005987
 0.28802504142677021
 0.31170081621761836
 0.32927758820398118
 0.34123073759883049
 0.34802780792186017
 0.35004983207222973
 0.34747848175836898
 0.34012738839810724
 0.32717343998562065
 0.30670003871913654
 0.2748766055657702
 0.22441681818383594
 0.14156686975539945
 0
 0
 0.046879271679526421
 0.088532580255070895
 0.124972224725541
 0.15624863610830692
 0.18246934146762642
 0.20381018963110853
 0.22051609439887715
 0.23288977807432179
 0.24126762511574848
 0.24598149424397514
 0.24730364423451731
 0.24536781098043656
 0.24005120991462076
 0.23078620624513421
 0.21623915581672551
 0.19373118855002164
 0.15814529035589717
 0.099782616242270819
 0
 0
 0.024798332887418055
 0.046827366201410578
 0.06609188772316886
 0.082616830863390917
 0.096457410726199316
 0.10770515059508083
 0.11648835987011197
 0.12296629478155116
 0.12731657780665723
 0.12971533608866959
 0.13030864449512372
 0.12917170246287063
 0.12624781450421158
 0.12125073993772319
 0.11349730686776401
 0.10160350961828578
 0.08290676170210573
 0.052323263700061143
 0
 0
 0
 0
 0
 0
 0
 0
 0
 0
 0
 0
 0
 0
 0
 0
 0
 0
 0
 0
 0


# name: flag
# type: scalar
0


# name: relres
# type: scalar
9.4128361638746126e-09


# name: iter
# type: matrix
# rows: 1
# columns: 2
 108 2


