# Created by Octave 6.3.0, Mon Sep 27 14:53:11 2021 GMT <unknown@LAPTOP-7NASCU26>
# name: u
# type: matrix
# rows: 64
# columns: 1
 0
 0
 0
 0
 0
 0
 0
 0
 0
 0.14967509734475351
 0.24977509012064233
 0.30398856798825358
 0.31961293681756026
 0.30128436806994946
 0.23180889421773448
 0
 0
 0.24934790173058399
 0.41598170742053042
 0.50597846992066609
 0.53146255187149805
 0.50025107329639251
 0.38428027145350091
 0
 0
 0.29902170172850573
 0.49865030218691964
 0.60607884746797636
 0.63582525535568957
 0.59746558713838005
 0.45822426851863179
 0
 0
 0.2987021906409727
 0.49780358875296427
 0.60435278421628036
 0.63283868016929645
 0.59316602192686219
 0.45391134950698664
 0
 0
 0.24839658511134971
 0.41346269978939904
 0.50084763074782768
 0.52259039855217382
 0.48748095111621081
 0.37146331521664466
 0
 0
 0.14782122787461149
 0.24493098361172985
 0.29426206728577281
 0.30303376449770136
 0.27779401654613928
 0.20864328344045147
 0
 0
 0
 0
 0
 0
 0
 0
 0


# name: flag
# type: scalar
0


# name: relres
# type: scalar
8.8758006996937518e-09


# name: iter
# type: matrix
# rows: 1
# columns: 2
 11 4


# name: resvec
# type: matrix
# rows: 45
# columns: 1
 79.692142782765927
 51.797203347647944
 43.897755359371772
 32.833213275581763
 15.720141057486709
 9.8331942593322008
 6.5999176428520245
 5.3777376298212216
 4.7714265591799485
 4.5128485256284518
 4.269289107972507
 2.6751804208585876
 1.1368400401238745
 0.40321358065440738
 0.2593468577839268
 0.24217028330533005
 0.22932972004894275
 0.21664658391462874
 0.18657128714899496
 0.047282138195705738
 0.0082571198209302303
 0.0038948035686485775
 0.0028681761466281719
 0.0021416211020579444
 0.0018441264849974822
 0.0017125394646000231
 0.0016179608971447514
 0.0011776200925235629
 0.00060397443665958302
 0.00031115387271376545
 0.00017156297194496686
 0.00015884230920426893
 0.00014929551438514103
 0.00013919570833626147
 0.00011631732559204896
 6.5698758752862399e-05
 1.0860442750845898e-05
 5.5344052924305257e-06
 3.5976988232068331e-06
 2.7746225135218086e-06
 2.5424436910706195e-06
 2.3664858388485714e-06
 2.1950197858492567e-06
 1.4395402176574789e-06
 7.0733157667136813e-07


# name: x
# type: matrix
# rows: 1
# columns: 8
 0 0.14285714285714285 0.2857142857142857 0.42857142857142855 0.5714285714285714 0.7142857142857143 0.85714285714285721 1


# name: y
# type: matrix
# rows: 1
# columns: 8
 0 0.14285714285714285 0.2857142857142857 0.42857142857142855 0.5714285714285714 0.7142857142857143 0.85714285714285721 1


# name: n
# type: scalar
8


# name: m
# type: scalar
8


# name: tempo
# type: scalar
0.022432088851928711


# name: diretorio
# type: sq_string
# elements: 1
# length: 5
GMRES


