# Created by Octave 6.3.0, Mon Sep 27 14:53:16 2021 GMT <unknown@LAPTOP-7NASCU26>
# name: u
# type: matrix
# rows: 1024
# columns: 1
 0
 0
 0
 0
 0
 0
 0
 0
 0
 0
 0
 0
 0
 0
 0
 0
 0
 0
 0
 0
 0
 0
 0
 0
 0
 0
 0
 0
 0
 0
 0
 0
 0
 0.0097446420937773275
 0.018839612937147598
 0.027285353806244902
 0.03508330570185797
 0.04223655149741657
 0.048750416481128891
 0.054632968817916204
 0.059895377471823844
 0.064552096124751879
 0.068620850627866478
 0.072122414218912398
 0.075080159210786021
 0.077519375578716007
 0.079466344262229122
 0.080947145073165694
 0.081986164101035708
 0.082604240155556757
 0.082816351215507497
 0.082628683678710069
 0.082034840890576124
 0.081010819573502424
 0.079508191337844591
 0.077444636880042259
 0.074690537128659362
 0.071049636343953587
 0.066230706671248696
 0.059805408777859025
 0.051144730635400502
 0.039321760691673847
 0.022960831448465075
 0
 0
 0.018839591179928422
 0.036423146908610544
 0.052751517076796747
 0.067827484086880233
 0.081657004521189291
 0.094250370292240176
 0.10562317626881117
 0.11579701225724814
 0.12479981856627126
 0.13266586167268932
 0.13943529958776921
 0.14515331501317807
 0.14986879788917237
 0.15363255369992834
 0.15649499878955461
 0.15850327474650239
 0.15969766513365147
 0.16010712307157679
 0.15974360598994389
 0.15859474679068633
 0.15661414382045338
 0.15370818181138701
 0.14971773652425138
 0.14439225871570421
 0.13735240099546936
 0.12803525246212791
 0.11561289164638426
 0.098869527429033044
 0.076013542320563024
 0.044385781760492404
 0
 0
 0.027284843570216551
 0.052750594657380613
 0.076398479576208975
 0.098232523107836728
 0.11826134694752541
 0.13649985151636024
 0.15297061740881285
 0.16770490762062318
 0.18074318246231089
 0.1921350642940913
 0.2019387079588463
 0.21021954531457715
 0.21704837711742178
 0.22249877819927627
 0.22664375971049508
 0.22955159025967306
 0.23128060680931847
 0.23187273829476984
 0.23134530213468496
 0.22968039226249434
 0.22681081954580551
 0.2226010297337587
 0.2168206136551083
 0.20910678352923154
 0.19891025970565904
 0.18541597245689015
 0.16742512309112154
 0.14317726301948708
 0.11007806285788337
 0.064276718650024156
 0
 0
 0.035080396899002476
 0.067821951640712697
 0.098226235131158163
 0.12629841591152735
 0.15204957263663912
 0.17549885652999175
 0.1966752933588985
 0.21561907203186226
 0.23238220666168588
 0.24702849115785006
 0.25963268978460324
 0.27027892290991001
 0.27905821377513929
 0.2860651523430377
 0.2913936041936821
 0.29513133811807396
 0.29735335527063111
 0.29811356360964342
 0.29743423256732798
 0.29529235191230657
 0.29160155936970772
 0.28618761235429169
 0.27875433774482927
 0.26883539770405446
 0.25572472875910573
 0.23837460158977328
 0.21524399731810748
 0.18406985000922477
 0.14151699279392366
 0.082634680085482262
 0
 0
 0.042226249759596504
 0.081637215244847669
 0.11823478039531031
 0.15202515922092397
 0.18302167950161591
 0.21124738591597716
 0.2367372091662629
 0.25953951716781043
 0.27971691196045106
 0.29734617509769323
 0.31251729326763156
 0.32533151529272919
 0.33589839920078823
 0.34433179676799891
 0.35074468863816499
 0.3552427183070847
 0.35791616342762994
 0.35882991605541631
 0.3580107915785169
 0.35543111239983044
 0.35098695891924347
 0.3444686513732903
 0.33551977187814036
 0.3235791153401199
 0.30779697051871929
 0.28691242530746436
 0.25907086130817591
 0.22154858358279839
 0.17033140154195828
 0.099460292933472624
 0
 0
 0.048722401433621595
 0.094196384215660747
 0.13642411399978913
 0.17541275221160496
 0.21117766820830228
 0.24374544302732296
 0.27315637238283696
 0.29946625654783704
 0.32274731996920336
 0.34308814823794342
 0.36059256391887401
 0.37537738465003934
 0.38756901617840489
 0.39729881940706979
 0.40469715157976816
 0.40988590633653244
 0.41296925132592921
 0.41402206890948096
 0.41307531561553607
 0.4100970841340843
 0.40496751373336509
 0.39744473766520305
 0.3871176095476897
 0.37333873345642171
 0.3551278752766574
 0.33103039913576021
 0.29890668270648546
 0.25561435957313111
 0.19652200017684535
 0.11475395958014456
 0
 0
 0.054568851690092228
 0.10549945826322048
 0.15279423594792432
 0.19646119575488677
 0.23651754126479399
 0.2729930330375705
 0.30593279207685986
 0.3353993046609941
 0.36147345234328115
 0.38425444150475979
 0.40385854431902934
 0.42041658806938331
 0.43407013955260915
 0.44496631674276704
 0.45325111557951481
 0.45906105608843684
 0.46251281009079326
 0.46369025729141461
 0.46262809105431624
 0.45929061233938234
 0.45354363496726324
 0.44511635392158094
 0.43354840718901333
 0.41811487865195557
 0.39771812694704928
 0.37072923844983868
 0.33475216590525586
 0.28626781130670875
 0.22008927745971651
 0.12851595046337494
 0
 0
 0.059765600645353655
 0.11554643776810455
 0.16734514720331245
 0.21517049186610698
 0.25904130241699908
 0.29899016225574743
 0.33506647820075669
 0.36733867634522449
 0.39589533034264129
 0.42084508430636702
 0.44231527411635635
 0.46044917778206834
 0.47540183694778609
 0.4873343749422282
 0.49640668906995083
 0.50276830238868031
 0.50654700566081234
 0.50783468327678494
 0.50666936143640362
 0.50301198707678707
 0.49671566354474977
 0.4874838943954598
 0.4748126117797335
 0.45790804495693754
 0.43556825388604142
 0.40600948387459701
 0.36660783117934209
 0.31350939603644978
 0.24103357911645781
 0.14074645399317526
 0
 0
 0.064312648659158742
 0.1243373235912192
 0.18007684938894566
 0.23154064335855157
 0.27874895621485457
 0.32173683771942541
 0.36055744114962618
 0.39528438646808861
 0.426012974550667
 0.45286010448253589
 0.47596279010417114
 0.49547520159705188
 0.5115641694529266
 0.52440307107245954
 0.53416396802869937
 0.54100776350948765
 0.5450719821576433
 0.54645552067927028
 0.54519933394424636
 0.54126145227762346
 0.53448388244857215
 0.52454768178394728
 0.5109105835035721
 0.49271862388287269
 0.46867866733570884
 0.43687154843686582
 0.39447406857203926
 0.33733945049942454
 0.25935515585584318
 0.15144560534215321
 0
 0
 0.068209996273982276
 0.13187211693573189
 0.19098934461617148
 0.24557165359297078
 0.29564050777662115
 0.34123306690015598
 0.38240569154994691
 0.41923644969973389
 0.45182640481778624
 0.48029952829588524
 0.50480112648775977
 0.52549470330481463
 0.54255719243436917
 0.5561724741908195
 0.56652303768332379
 0.57377954340893567
 0.5780878651028093
 0.57955291929573671
 0.5782181852942454
 0.57403921356664089
 0.56684852734632185
 0.55630798121685232
 0.54184261415142221
 0.52254692779990908
 0.49704969033013469
 0.46331575140449388
 0.41835117495393481
 0.357758227332934
 0.27505419357150435
 0.16061350393248564
 0
 0
 0.071457644164127601
 0.13815081926856473
 0.20008263534201917
 0.25726352634736954
 0.30971596259964435
 0.35747885758442699
 0.40061124010569987
 0.43919488049991662
 0.47333564025176261
 0.50316338064694488
 0.52883031515856771
 0.55050772327754161
 0.56838095628705931
 0.58264264656628073
 0.59348397404689501
 0.6010837339752898
 0.6055947642814371
 0.60712700888985327
 0.60572606687917796
 0.60134544520324684
 0.59380979553088675
 0.58276501194062591
 0.5676089418000102
 0.54739320817132298
 0.52068157928465819
 0.48534234278280536
 0.43823937974615595
 0.37476591953776545
 0.28813083293613223
 0.16825022454702496
 0
 0
 0.074055593121363242
 0.14317343227072543
 0.2073567243366288
 0.26661626573758035
 0.32097532654307354
 0.37047421781227069
 0.41517409765476104
 0.45515969314859844
 0.49054069943658746
 0.52145168530173047
 0.54805038619680091
 0.57051429904480555
 0.58903550739804533
 0.60381364482557065
 0.61504684561496359
 0.62292041709114088
 0.62759277661335877
 0.62917790275240826
 0.62772310954127064
 0.62318029605235192
 0.61536785368235214
 0.60391895691352415
 0.58820976275670744
 0.56725766971589919
 0.53957454042540587
 0.50295152119774011
 0.45413886323322672
 0.38836267728416413
 0.29858518258856775
 0.1743558246465946
 0
 0
 0.076003844046662952
 0.14693995784851027
 0.2128116146681257
 0.27362987626314905
 0.32941860583864052
