# Created by Octave 6.3.0, Sat Sep 25 14:45:00 2021 GMT <unknown@DESKTOP-EJ47PRO>
# name: u
# type: matrix
# rows: 2500
# columns: 1
 0
 0
 0
 0
 0
 0
 0
 0
 0
 0
 0
 0
 0
 0
 0
 0
 0
 0
 0
 0
 0
 0
 0
 0
 0
 0
 0
 0
 0
 0
 0
 0
 0
 0
 0
 0
 0
 0
 0
 0
 0
 0
 0
 0
 0
 0
 0
 0
 0
 0
 0
 0.0039965609956270085
 0.0078265940021448547
 0.011490122633863942
 0.014987226310278984
 0.018318080219069083
 0.021482997395232802
 0.024482470424830479
 0.027317210901270546
 0.02998818513545377
 0.032496644897253485
 0.034844152160842211
 0.03703259702111332
 0.039064208103328349
 0.040941554906305501
 0.042667541643981323
 0.044245392248062398
 0.045678626244485938
 0.046971025263802188
 0.048126589956585988
 0.049149487014905922
 0.050043985916669982
 0.05081438482211649
 0.051464924843129006
 0.051999691528545215
 0.05242250196474272
 0.052736775289116793
 0.052945383635542104
 0.053050479508808597
 0.053053294329030762
 0.05295390120527995
 0.052750932888287139
 0.052441243117958884
 0.052019496076965661
 0.051477664030781287
 0.050804407266931667
 0.049984302559657814
 0.048996876005784236
 0.047815382232471851
 0.046405253560394925
 0.044722117876870207
 0.042709250519330312
 0.040294279903992376
 0.037384904467030668
 0.033863292856036162
 0.029578721002633875
 0.024337834979071181
 0.017891698078380328
 0.0099184563777072084
 0
 0
 0.0078265937656780311
 0.015327070016989585
 0.022501474870364024
 0.029349963716457917
 0.035872879479622748
 0.042070835032468494
 0.047944794864992937
 0.053496152357952576
 0.058726799714455442
 0.063639188164379065
 0.068236376423271169
 0.072522065778139091
 0.076500620472508093
 0.080177072295253185
 0.08355710851611825
 0.086647042518833817
 0.089453766551384192
 0.091984686147625075
 0.094247635743132149
 0.096250774932643807
 0.098002464584246385
 0.099511121727189733
 0.10078505165482778
 0.10183225500804297
 0.10266020667497978
 0.10327560222475374
 0.10368406600855985
 0.10388981311609941
 0.10389525486828485
 0.10370053427178748
 0.10330297369916316
 0.102696411736559
 0.1018703992390452
 0.10080921561577075
 0.099490654627031438
 0.097884513580175109
 0.095950699452088298
 0.09363683837837028
 0.090875238860125884
 0.087579010452961112
 0.083637074150463953
 0.078907711481554996
 0.073210177556652364
 0.066313735591062364
 0.057923238624926002
 0.047660061293333847
 0.035036732234299942
 0.019422979953944947
 0
 0
 0.011490098023080543
 0.02250142746214236
 0.033034055838489715
 0.043088211078328886
 0.052664396411901536
 0.061763511368691168
 0.070386971679798988
 0.078536822722457988
 0.086215842190448963
 0.093427628476645402
 0.10017667181919662
 0.10646840580604132
 0.11230923730555477
 0.11770655319731124
 0.12266870266421859
 0.12720495407157142
 0.13132542560533236
 0.1350409889874144
 0.13836314559934326
 0.14130387416809931
 0.14387544890071005
 0.14609022643619812
 0.14796039936953931
 0.14949771302661843
 0.15071314088430743
 0.15161651231217821
 0.15221608406118531
 0.1525180439936602
 0.15252593194562308
 0.15223995775643651
 0.15165619046942605
 0.15076558481274141
 0.14955280102543975
 0.14799476076901644
 0.14605886470813942
 0.14370077468170825
 0.14086163354917802
 0.13746455597965385
 0.13341017053598203
 0.12857092200443745
 0.12278374674240887
 0.11584060281740041
 0.10747615791037402
 0.097351691646333824
 0.08503392853107368
 0.069967043167197512
 0.051435414452085382
 0.028513766542201415
 0
 0
 0.014987073542525852
 0.029349665888671987
 0.043087864873629499
 0.056201967536987134
 0.068692629997489707
 0.080561025276304279
 0.091808999695684582
 0.10243922085483546
 0.11245531154648154
 0.1218619650461171
 0.13066503790402978
 0.13887161713307333
 0.14649005923998554
 0.15352999901220821
 0.16000232640980455
 0.16591913032800623
 0.17129360811463068
 0.17613993998845381
 0.18047312745000341
 0.18430879462043598
 0.18766295101416786
 0.19055171366301735
 0.19299098561709979
 0.19499608653728939
 0.19658132932675448
 0.19775953460092172
 0.19854147176528378
 0.19893521174400938
 0.1989453716021293
 0.19857222507663935
 0.19781064505657042
 0.19664883386487342
 0.19506678398432481
 0.19303439460280691
 0.19050914686772039
 0.18743321127806625
 0.18372982164018112
 0.17929869816413324
 0.17401023316246075
 0.16769805977109928
 0.16014949856674984
 0.15109320611856525
 0.14018311620194304
 0.12697744303317762
 0.11091107150669649
 0.091259040090624827
 0.067087953694103961
 0.037190937574121521
 0
 0
 0.018317520152924902
 0.035871784956756324
 0.052662901478043242
 0.068691232457802467
 0.083957579496564252
 0.098463375953538587
 0.11221087810563456
 0.1252033460079805
 0.13744520717770642
 0.14894219749676338
 0.15970147463476461
 0.16973170015717021
 0.17904308724063625
 0.18764741140060598
 0.19555798225775703
 0.20278957479007748
 0.20935831875343996
 0.21528154517961245
 0.22057758888937531
 0.22526554567148516
 0.2293649823530477
 0.2328955971626385
 0.23587682680576241
 0.23832739496134545
 0.24026479485735097
 0.24170469584822937
 0.24266026032885465
 0.24314135263909592
 0.24315361588462592
 0.24269738484862882
 0.24176639355600324
 0.24034622347164195
 0.23841242230022897
 0.23592820211745641
 0.2328415982151438
 0.22908193390796136
 0.22455538899367181
 0.21913940607700921
 0.21267558460714781
 0.20496059862751453
 0.19573452087971752
 0.18466572698625405
 0.17133126826162612
 0.15519120876692175
 0.13555487888008877
 0.11153624027174538
 0.081994495295188069
 0.045454573995051269
 0
 0
 0.021481437728153703
 0.042067784418160878
 0.061759165292137791
 0.080556005389303464
 0.098459244394145773
 0.11547056286068856
 0.13159260639218232
 0.14682919774854183
 0.16118552879962528
 0.17466832577606808
 0.18728598227511886
 0.19904865556101672
 0.20996832251211769
 0.22005879221260655
 0.22933567282716621
 0.2378162909920028
 0.24551956211962475
 0.25246581039686139
 0.25867653717187949
 0.26417413620757402
 0.26898155365960991
 0.27312188979750429
 0.27661793820209252
 0.27949165630431505
 0.28176355858516999
 0.28345202069564801
 0.28457247839419253
 0.28513649986882073
 0.28515070313144031
 0.28461548124578417
 0.28352348672244965
 0.28185781180412917
 0.27958978244514149
 0.27667625903369314
 0.27305630467748687
 0.2686470396457058
 0.26333844465657763
 0.2569868013712413
 0.24940635938886932
 0.24035868564861082
 0.22953897213216726
 0.2165583328321202
 0.20092078636835106
 0.18199315975262395
 0.1589655113850347
 0.13079878290848157
 0.096155143703321608
 0.05330473254559439
 0
 0
 0.024478826178325298
 0.047937664096706738
 0.070376656065204587
 0.091796286022967133
 0.11219762435080326
 0.1315825856603475
 0.14995418426577772
 0.16731677588261731
 0.18367627637872877
 0.19904035007578988
 0.21341856132452564
 0.22682248423360785
 0.23926576643448508
 0.2507641434179636
 0.26133540080022666
 0.27099928244800042
 0.27977734270491067
 0.2876927412556311
 0.29476997921280934
 0.30103457462285688
 0.30651267502342172
 0.31123060357767252
 0.31521433400627841
 0.31848888724127944
 0.32107763999929484
 0.32300153180763558
 0.32427815222826706
 0.32492068375930999
 0.3249366682527669
 0.32432655432561724
 0.32308197039186848
 0.32118365113467268
 0.31859892383920957
 0.31527863262523731
 0.31115334208084933
 0.30612861348941994
 0.30007908329584015
 0.29284098862192709
 0.28420267187562692
 0.27389244432531296
 0.26156298351569135
 0.24677116010776881
 0.22895180850405533
 0.20738343025390182
 0.18114309271887083
 0.14904677287002818
 0.10956997605128564
 0.060741454478052244
 0
 0
 0.027309685442167109
 0.053481423875189477
 0.078515373632649307
 0.10241207416567523
 0.1251727191662278
 0.14679944417863805
 0.16729561161267062
 0.18666608040692906
 0.20491745007109413
 0.22205827077704157
 0.23809921245349483
 0.25305318721694808
 0.26693542050089375
 0.27976346706304345
 0.29155716887136901
 0.30233855262293363
 0.31213166486218624
 0.32096234314287914
 0.32885792157702687
 0.3358468688394774
 0.34195835590183948
 0.34722174971478265
 0.35166602740824598
 0.35531910321221249
