# Created by Octave 6.3.0, Mon Sep 27 17:51:35 2021 GMT <unknown@LAPTOP-7NASCU26>
# name: u
# type: matrix
# rows: 400
# columns: 1
 20.287571725524369
 20.287571725524369
 20.287571725524369
 20.287571725524369
 20.287571725524369
 20.287571725524369
 20.287571725524369
 20.287571725524369
 20.287571725524369
 20.287571725524369
 20.287571725524369
 20.287571725524369
 20.287571725524369
 20.287571725524369
 20.287571725524369
 20.287571725524369
 20.287571725524369
 20.287571725524369
 20.287571725524369
 20.287571725524369
 24.816944345438518
 23.694060590224112
 23.058616078233449
 22.644837776743245
 22.34625339896488
 22.114381900811949
 21.926055422499221
 21.768168681079377
 21.632014294758406
 21.509877411725789
 21.394534584675572
 21.280522739351159
 21.164288056571944
 21.045266482503706
 20.923798938047444
 20.800390381715847
 20.675309794920274
 20.548073216608778
 20.418550946484
 20.287571725524369
 28.078751406630019
 26.597372858411358
 25.586914578012799
 24.861846919424558
 24.311006600244959
 23.871534282686849
 23.50904960079535
 23.202199009988593
 22.93609187961243
 22.696056000018505
 22.468769574696623
 22.243689473876834
 22.014481238409537
 21.779978596315217
 21.541008997849953
 21.298549175649452
 21.052600331664504
 20.802024698184745
 20.546324042911255
 20.287571725524369
 30.588265139108319
 28.995116730450338
 27.786629716502013
 26.853596328259467
 26.110317830698175
 25.499428241615803
 24.986127462864541
 24.546330217531477
 24.161630053734982
 23.812143877895998
 23.479510880614452
 23.14955691202049
 22.81357255728075
 22.470690121364189
 22.121806409569253
 21.768212591476619
 21.409261172206847
 21.042528234273483
 20.667704532758609
 20.287571725524369
 32.570984034953412
 30.952787134641287
 29.643554770593536
 28.578555530351853
 27.696695986078783
 26.952307187447019
 26.315728735443749
 25.763255390682989
 25.275174077765907
 24.827926933714959
 24.399599607005371
 23.973596313559678
 23.540055995894221
 23.098650259677417
 22.650712093473327
 22.197151571518596
 21.736109288724435
 21.263751422289943
 20.779687360617871
 20.287571725524369
 34.136230174117237
 32.524072697120722
 31.165065624140937
 30.018357436306513
 29.040392472021637
 28.197226185802148
 27.464825087912956
 26.821765685012203
 26.247959662875644
 25.717282843041026
 25.205685488288378
 24.695085679032839
 24.175801028425429
 23.648253163804291
 23.114256392167878
 22.574476403765125
 22.024808748387713
 21.460022841684186
 20.879294519771342
 20.287571725524369
 35.341343219069685
 33.744838582126071
 32.362648446362201
 31.166308920042923
 30.12444480205059
 29.2114724290442
 28.408703139006796
 27.696952896859422
 27.05594848799235
 26.457994230109239
 25.877731998814575
 25.296513127566048
 24.70555639554993
 24.106461219771649
 23.501334048882672
 22.890380561835091
 22.267584815514159
 21.625629900779217
 20.963576083584439
 20.287571725524369
 36.21995386942195
 34.639627212966538
 33.247568141515096
 32.022345005364578
 30.939922975708885
 29.980706219607523
 29.129854298853203
 28.369798106429382
 27.679907232283423
 27.031540960497605
 26.398758439512292
 25.762804495132102
 25.116051136178907
 24.461715381313539
 23.801970270883807
 23.136439077600553
 22.45730012512082
 21.75555401823906
 21.029849419209583
 20.287571725524369
 36.793670756845088
 35.225711428764157
 33.830038234215017
 32.589225010967816
 31.483309587235738
 30.496608645373737
 29.61628629125104
 28.826001379227463
 28.104780862921864
 27.422893251839639
 26.754875154925514
 26.081485881237612
 25.396527523230038
 24.704583018319099
 24.007696297945007
 23.305279111276086
 22.587881825090022
 21.845162908768504
 21.075657813775269
 20.287571725524369
 37.07682418852923
 35.515472510436574
 34.118875443476362
 32.871282325403307
 31.754884261179008
 30.755417365619373
 29.861217372814419
 29.05637406501188
 28.319872809303856
 27.621463176608565
 26.935526062182159
 26.24336326511812
 25.539067501661222
 24.82803680868874
 24.112265286686416
 23.391109936507423
 22.654456925562673
 21.890879681333075
 21.099077649621947
 20.287571725524369
 37.076824188524796
 35.515472510432339
 34.118875443472575
 32.871282325398504
 31.754884261173839
 30.755417365614381
 29.86121737281054
 29.056374065007184
 28.319872809297404
 27.621463176603495
 26.935526062175459
 26.243363265112109
 25.539067501655158
 24.828036808685166
 24.112265286684082
 23.391109936502506
 22.654456925559732
 21.890879681333619
 21.099077649623705
 20.287571725524369
 36.793670756834871
 35.22571142875227
 33.830038234203585
 32.589225010955388
 31.483309587224454
 30.496608645360539
 29.616286291238577
 28.826001379213309
 28.104780862906928
 27.422893251824611
 26.754875154909552
 26.081485881222417
 25.396527523215187
 24.704583018305176
 24.007696297937077
 23.305279111270423
 22.587881825088516
 21.845162908766028
 21.075657813773603
 20.287571725524369
 36.219953869409572
 34.639627212952995
 33.247568141500125
 32.022345005349372
 30.939922975693225
 29.980706219591468
 29.129854298834889
 28.369798106412009
 27.679907232265176
 27.031540960476875
 26.398758439490244
 25.762804495112171
 25.116051136163019
 24.461715381300795
 23.801970270873092
 23.136439077595949
 22.457300125120284
 21.755554018240186
 21.029849419211427
 20.287571725524369
 35.341343219059254
 33.744838582116358
 32.362648446350548
 31.166308920029749
 30.124444802034922
 29.211472429029392
 28.408703138990877
 27.69695289684131
 27.055948487973506
 26.457994230090186
 25.877731998798634
 25.296513127547957
 24.705556395535076
 24.106461219763986
 23.501334048881194
 22.890380561838676
 22.267584815518415
 21.625629900785277
 20.963576083588315
 20.287571725524369
 34.136230174115454
 32.524072697116523
 31.165065624134435
 30.018357436300384
 29.040392472012691
 28.197226185790928
 27.464825087901009
 26.821765685000514
 26.247959662863142
 25.717282843027689
 25.205685488275876
 24.695085679025755
 24.175801028422836
 23.648253163806501
 23.114256392175335
 22.57447640377805
 22.02480874840224
 21.46002284169775
 20.879294519777346
 20.287571725524369
 32.570984034958386
 30.952787134645405
 29.643554770596836
 28.578555530351213
 27.696695986077522
 26.952307187442795
 26.315728735438391
 25.763255390676363
 25.275174077760894
 24.827926933711801
 24.399599607002251
 23.973596313561604
 23.540055995901998
 23.098650259690732
 22.650712093493169
 22.197151571540857
 21.736109288747183
 21.263751422307131
 20.779687360628095
 20.287571725524369
 30.588265139118477
 28.99511673046073
 27.786629716511484
 26.853596328263833
 26.110317830701149
 25.499428241617846
 24.98612746286604
 24.546330217531917
 24.161630053733781
 23.812143877898443
 23.479510880621014
 23.149556912030622
 22.813572557294719
 22.47069012138531
 22.121806409595042
 21.768212591503445
 21.409261172232856
 21.042528234292956
 20.667704532771083
 20.287571725524369
 28.078751406642876
 26.597372858421295
 25.58691457802076
 24.861846919433884
 24.311006600251702
 23.87153428268979
 23.509049600797031
 23.202199009992729
 22.936091879617841
 22.696056000022875
 22.468769574704243
 22.243689473888498
 22.014481238426761
 21.779978596335621
 21.541008997872559
 21.298549175674353
 21.052600331688289
 20.802024698202679
 20.54632404291964
 20.287571725524369
 24.816944345444785
 23.694060590232809
 23.05861607823995
 22.644837776748123
 22.346253398966887
 22.11438190081671
 21.926055422503076
 21.768168681080699
 21.632014294761159
 21.509877411730333
 21.39453458468196
 21.280522739358677
 21.164288056582144
 21.045266482515842
 20.923798938062212
 20.800390381731194
 20.675309794932044
 20.548073216620196
 20.418550946489908
 20.287571725524369
 20.287571725524369
 20.287571725524369
 20.287571725524369
 20.287571725524369
 20.287571725524369
 20.287571725524369
 20.287571725524369
 20.287571725524369
 20.287571725524369
 20.287571725524369
 20.287571725524369
 20.287571725524369
 20.287571725524369
 20.287571725524369
 20.287571725524369
