# Created by Octave 6.3.0, Sat Sep 25 13:04:57 2021 GMT <unknown@Rogerio-HP>
# name: u
# type: matrix
# rows: 400
# columns: 1
 69.999996792006101
 69.999996792006101
 69.999996792006101
 69.999996792006101
 69.999996792006101
 69.999996792006101
 69.999996792006101
 69.999996792006101
 69.999996792006101
 69.999996792006101
 69.999996792006101
 69.999996792006101
 69.999996792006101
 69.999996792006101
 69.999996792006101
 69.999996792006101
 69.999996792006101
 69.999996792006101
 69.999996792006101
 69.999996792006101
 69.999997044658173
 69.999996970075614
 69.99999692711819
 69.999996898770334
 69.999996878393674
 69.999996862882099
 69.99999685066247
 69.999996840736202
 69.999996832637294
 69.999996825817803
 69.999996820106361
 69.99999681524514
 69.999996811058651
 69.999996807435238
 69.999996804270509
 69.999996801414724
 69.999996798848144
 69.999996796470057
 69.999996794199731
 69.999996792006101
 69.99999721633246
 69.999997116583259
 69.999997047548689
 69.999996997603446
 69.999996959913048
 69.999996930505489
 69.999996906954223
 69.999996887732863
 69.999996871857306
 69.999996858574917
 69.999996847340441
 69.999996837823446
 69.9999968295663
 69.999996822453213
 69.999996816161286
 69.999996810573805
 69.99999680548467
 69.999996800806443
 69.999996796334344
 69.999996792006101
 69.999997341222283
 69.999997232391365
 69.999997148894238
 69.999997084150763
 69.999997033182723
 69.999996992210995
 69.999996958939604
 69.999996931406287
 69.999996908545356
 69.999996889236684
 69.999996872958789
 69.999996858979671
 69.999996847011701
 69.999996836557884
 69.999996827396814
 69.999996819200248
 69.999996811783362
 69.999996804880752
 69.999996798364819
 69.999996792006101
 69.999997435005895
 69.999997322912435
 69.999997231416756
 69.999997157043069
 69.999997096317884
 69.99999704638735
 69.999997005013938
 69.999996970531384
 69.999996941487751
 69.99999691701619
 69.999996896133638
 69.999996878292976
 69.999996862862645
 69.999996849475281
 69.999996837604186
 69.999996827098073
 69.9999968174873
 69.999996808614668
 69.999996800201828
 69.999996792006101
 69.999997505908311
 69.9999973927589
 69.99999729686472
 69.999997216224969
 69.999997148697361
 69.999997091961532
 69.999997044338457
 69.999997004070636
 69.999996970058788
 69.999996941053055
 69.999996916384362
 69.999996895068506
 69.999996876767355
 69.999996860692406
 69.999996846615616
 69.999996833969576
 69.999996822536886
 69.99999681189054
 69.999996801826597
 69.999996792006101
 69.999997558684157
 69.999997445398861
 69.999997347009668
 69.999997262444523
 69.9999971901007
 69.999997128572971
 69.999997076091944
 69.9999970315246
 69.999996993431068
 69.999996960970364
 69.999996933040492
 69.999996909088352
 69.999996888240858
 69.999996870114245
 69.99999685406263
 69.999996839747254
 69.999996826689241
 69.999996814635466
 69.999996803151873
 69.999996792006101
 69.999997596244597
 69.999997483107762
 69.999997383374961
 69.999997296291525
 69.999997220908895
 69.999997155939568
 69.999997100188239
 69.99999705230826
 69.999997011377005
 69.999996976127591
 69.999996945942101
 69.999996919782603
 69.99999689717923
 69.999996877295089
 69.999996859874329
 69.999996844149308
 69.999996829960736
 69.999996816740918
 69.999996804206589
 69.999996792006101
 69.999997620423272
 69.999997507523375
 69.999997406987475
 69.999997318533289
 69.99999724118959
 69.999997174202619
 69.999997116197946
 69.999997066367811
 69.999997023364003
 69.999996986498928
 69.999996954589562
 69.999996927138554
 69.999996903160579
 69.999996882285629
 69.999996863746645
 69.999996847229369
 69.999996832138478
 69.999996818188606
 69.999996804910296
 69.999996792006101
 69.999997632238831
 69.999997519474064
 69.999997418662517
 69.999997329490995
 69.99999725136027
 69.999997183238222
 69.999997124312742
 69.999997073346279
 69.99999702949917
 69.999996991626958
 69.999996959059487
 69.999996930749944
 69.999996906273907
 69.99999688473325
 69.99999686577037
 69.99999684872634
 69.999996833284541
 69.999996818881272
 69.999996805287466
 69.999996792006101
 69.999997632254079
 69.99999751950179
 69.999997418637392
 69.999997329516091
 69.99999725130462
 69.999997183280101
 69.999997124257717
 69.999997073409119
 69.99999702942371
 69.999996991693664
 69.999996958984141
 69.999996930824352
 69.999996906210299
 69.999996884792154
 69.999996865713769
 69.999996848775979
 69.999996833255651
 69.999996818919584
 69.999996805284837
 69.999996792006101
 69.999997620413737
 69.999997507492552
 69.999997407022605
 69.999997318491765
 69.999997241253453
 69.999997174144951
 69.999997116271103
 69.999997066305156
 69.999997023434446
 69.999996986432464
 69.999996954655202
 69.999996927081185
 69.999996903209976
 69.999996882241405
 69.999996863784602
 69.999996847193898
 69.99999683215367
 69.999996818164419
 69.999996804912641
 69.999996792006101
 69.999997596249699
 69.999997483122669
 69.999997383363052
 69.999997296316266
 69.999997220876224
 69.999997155970945
 69.999997100130173
 69.999997052354416
 69.999997011313837
 69.99999697619883
 69.999996945872525
 69.999996919849892
 69.999996897106143
 69.999996877365277
 69.999996859818921
 69.999996844206976
 69.999996829925877
 69.999996816770974
 69.999996804193955
 69.999996792006101
 69.999997558691689
 69.999997445379165
 69.999997347028057
 69.999997262395354
 69.999997190151475
 69.999997128525749
 69.999997076163098
 69.999997031473356
 69.99999699349064
 69.999996960912313
 69.99999693309195
 69.999996909042693
 69.999996888288592
 69.999996870070632
 69.999996854086532
 69.999996839712367
 69.999996826706763
 69.999996814627394
 69.999996803157927
 69.999996792006101
 69.999997505898762
 69.999997392771391
 69.999997296857032
 69.999997216262145
 69.999997148665926
 69.999997091994146
 69.999997044283504
 69.999997004112288
 69.999996970005071
 69.99999694110285
 69.999996916329337
 69.999996895120987
 69.99999687672009
 69.999996860743479
 69.999996846582633
 69.999996834012094
 69.999996822511648
 69.999996811901582
 69.999996801812941
 69.999996792006101
 69.99999743501084
 69.999997322904463
 69.999997231422739
 69.999997157019806
 69.999997096334056
 69.999997046360505
 69.99999700505127
 69.999996970500661
 69.999996941537447
 69.999996916980706
 69.999996896180193
 69.999996878244787
 69.999996862900446
 69.999996849423994
 69.999996837636445
 69.999996827063711
 69.999996817510251
 69.999996808603626
 69.999996800216806
 69.999996792006101
 69.999997341219355
 69.999997232408262
 69.999997148870506
 69.999997084182084
 69.999997033152866
 69.999996992256328
 69.999996958904759
 69.999996931434978
 69.999996908495518
 69.999996889260032
 69.999996872926488
 69.999996859010437
 69.999996847002777
 69.999996836582085
 69.99999682739049
 69.999996819208192
 69.999996811771112
 69.999996804884717
 69.999996798360414
 69.999996792006101
 69.999997216327117
 69.999997116581426
 69.999997047552654
 69.99999699760518
 69.999996959909097
 69.999996930492244
 69.999996906957975
 69.999996887723313
 69.999996871891227
 69.999996858560934
 69.999996847373339
 69.999996837785915
 69.99999682958412
 69.999996822414104
 69.999996816188485
 69.999996810552233
 69.99999680551069
 69.999996800792886
 69.999996796337442
 69.999996792006101
 69.999997044660674
 69.99999697008343
 69.999996927101677
 69.999996898784801
 69.999996878382078
 69.999996862902023
 69.999996850649637
 69.999996840750654
 69.999996832616787
 69.999996825819721
 69.999996820094069
 69.999996815256509
 69.999996811064676
 69.999996807442031
 69.999996804270936
 69.99999680140813
 69.999996798846141
 69.999996796473525
 69.999996794198992
 69.999996792006101
 69.999996792006101
 69.999996792006101
 69.999996792006101
 69.999996792006101
 69.999996792006101
 69.999996792006101
 69.999996792006101
 69.999996792006101
 69.999996792006101
 69.999996792006101
 69.999996792006101
 69.999996792006101
 69.999996792006101
 69.999996792006101
 69.999996792006101
