# Created by Octave 6.3.0, Sat Sep 25 14:57:09 2021 GMT <unknown@DESKTOP-EJ47PRO>
# name: u
# type: matrix
# rows: 400
# columns: 1
 -0.91903298798230926
 -0.32166154579380807
 -0.32166154579380807
 -0.32166154579380807
 -0.32166154579380807
 -0.32166154579380807
 -0.32166154579380807
 -0.32166154579380807
 -0.32166154579380807
 -0.32166154579380807
 -0.32166154579380807
 -0.32166154579380807
 -0.32166154579380807
 -0.32166154579380807
 -0.32166154579380807
 -0.32166154579380807
 -0.32166154579380807
 -0.32166154579380807
 -0.32166154579380807
 -0.32166154579380807
 -0.91903298798230926
 -0.52710010921968564
 -0.34319797770758959
 -0.3079904064632541
 -0.316838433473702
 -0.3217685337963434
 -0.32190985807549327
 -0.32167478102035529
 -0.32165451250349975
 -0.32166098570996327
 -0.32166167441366689
 -0.3216615571125449
 -0.32166154413857062
 -0.32166154566053073
 -0.32166154580924528
 -0.32166154579471473
 -0.32166154579370948
 -0.3216615457938049
 -0.32166154579380846
 -0.32166154579380807
 -0.91903298798230926
 -0.556085861342139
 -0.33107480596226574
 -0.29568355549686814
 -0.31482701520196199
 -0.32243233887642936
 -0.32212549778930755
 -0.3216629939393188
 -0.32164555169595349
 -0.32166102637171784
 -0.32166189013801755
 -0.32166155629584353
 -0.32166154101018118
 -0.32166154571593503
 -0.3216615458355146
 -0.32166154579388023
 -0.32166154579358569
 -0.32166154579381023
 -0.3216615457938089
 -0.32166154579380807
 -0.91903298798230926
 -0.55141200980549543
 -0.32009476997931935
 -0.29176559041159561
 -0.31566229817644842
 -0.32306009884188902
 -0.32213759286939014
 -0.32162713136695809
 -0.32164382269626685
 -0.32166214888902961
 -0.32166192246894754
 -0.32166153608374981
 -0.32166154098511024
 -0.32166154591912671
 -0.32166154583148471
 -0.32166154579275963
 -0.3216615457936241
 -0.32166154579381356
 -0.32166154579380885
 -0.32166154579380807
 -0.91903298798230926
 -0.54810244663299479
 -0.3175036198776528
 -0.29236081270990799
 -0.31652215034611769
 -0.32312151178846799
 -0.32206297924692606
 -0.32162068611666039
 -0.32164698983109685
 -0.32166230669716672
 -0.3216618502051824
 -0.32166153525919811
 -0.3216615418643412
 -0.32166154590604157
 -0.32166154582578899
 -0.32166154579293915
 -0.32166154579364381
 -0.32166154579381256
 -0.32166154579380873
 -0.32166154579380807
 -0.91903298798230926
 -0.54760457750711966
 -0.31775917102192563
 -0.29298060420472677
 -0.31660474421489126
 -0.32302845950880249
 -0.32205116387043636
 -0.32162634375267152
 -0.32164738192369147
 -0.32166213831128249
 -0.32166184696422373
 -0.32166153778317347
 -0.32166154183364687
 -0.32166154588662127
 -0.32166154582638828
 -0.32166154579301726
 -0.32166154579364042
 -0.32166154579381256
 -0.32166154579380879
 -0.32166154579380807
 -0.91903298798230926
 -0.54766352546962804
 -0.31797867702127275
 -0.29303404867899613
 -0.31653287286380305
 -0.32301540027825482
 -0.32205794413439887
 -0.32162696398577328
 -0.32164710810279201
 -0.32166213098957402
 -0.3216618521397317
 -0.32166153772917994
 -0.32166154178562872
 -0.32166154588812307
 -0.32166154582661455
 -0.3216615457930071
 -0.32166154579363987
 -0.32166154579381256
 -0.32166154579380879
 -0.32166154579380807
 -0.91903298798230926
 -0.54768980105294596
 -0.31799463853467591
 -0.29300078423444148
 -0.31652379975234557
 -0.32302093670933119
 -0.32205861233298
 -0.32162664347196629
 -0.32164709686863452
 -0.32166213886184103
 -0.32166185206716735
 -0.32166153763943472
 -0.32166154178854295
 -0.32166154588862467
 -0.32166154582659101
 -0.32166154579300582
 -0.32166154579363998
 -0.32166154579381256
 -0.32166154579380879
 -0.32166154579380807
 -0.91903298798230926
 -0.54769105285552966
 -0.31798652766007229
 -0.29299693801625215
 -0.31652682861726961
 -0.32302143572015385
 -0.32205833983612975
 -0.32162663109716055
 -0.32164710591853968
 -0.32166213878699623
 -0.32166185193737956
 -0.32166153764389455
 -0.32166154178941658
 -0.32166154588858137
 -0.32166154582658824
 -0.32166154579300599
 -0.32166154579364004
 -0.32166154579381256
 -0.32166154579380879
 -0.32166154579380807
 -0.91903298798230926
 -0.54769036500543766
 -0.31798562919793599
 -0.29299800732012177
 -0.31652708578848471
 -0.32302126623951083
 -0.32205832989023175
 -0.32162663910156003
 -0.32164710585546291
 -0.32166213863870191
 -0.32166185194289698
 -0.32166153764511635
 -0.32166154178935147
 -0.32166154588857665
 -0.32166154582658846
 -0.32166154579300599
 -0.32166154579363998
 -0.32166154579381256
 -0.32166154579380879
 -0.32166154579380807
 -0.91903298798230926
 -0.54769036500543766
 -0.31798562919793599
 -0.29299800732012177
 -0.31652708578848471
 -0.32302126623951083
 -0.32205832989023175
 -0.32162663910156003
 -0.32164710585546291
 -0.32166213863870191
 -0.32166185194289698
 -0.32166153764511635
 -0.32166154178935147
 -0.32166154588857665
 -0.32166154582658846
 -0.32166154579300599
 -0.32166154579363998
 -0.32166154579381256
 -0.32166154579380879
 -0.32166154579380807
 -0.91903298798230926
 -0.54769105285552966
 -0.31798652766007229
 -0.29299693801625215
 -0.31652682861726955
 -0.32302143572015379
 -0.32205833983612975
 -0.32162663109716055
 -0.32164710591853968
 -0.32166213878699629
 -0.32166185193737956
 -0.32166153764389455
 -0.32166154178941658
 -0.32166154588858137
 -0.32166154582658824
 -0.32166154579300599
 -0.32166154579364004
 -0.32166154579381256
 -0.32166154579380879
 -0.32166154579380807
 -0.91903298798230926
 -0.54768980105294596
 -0.31799463853467591
 -0.29300078423444148
 -0.31652379975234557
 -0.32302093670933124
 -0.32205861233298005
 -0.32162664347196629
 -0.32164709686863452
 -0.32166213886184103
 -0.32166185206716735
 -0.32166153763943472
 -0.32166154178854295
 -0.32166154588862467
 -0.32166154582659101
 -0.32166154579300582
 -0.32166154579363998
 -0.32166154579381256
 -0.32166154579380879
 -0.32166154579380807
 -0.91903298798230926
 -0.54766352546962804
 -0.31797867702127275
 -0.29303404867899613
 -0.31653287286380305
 -0.32301540027825482
 -0.32205794413439887
 -0.32162696398577328
 -0.32164710810279201
 -0.32166213098957402
 -0.3216618521397317
 -0.32166153772917994
 -0.32166154178562872
 -0.32166154588812307
 -0.32166154582661455
 -0.3216615457930071
 -0.32166154579363987
 -0.32166154579381256
 -0.32166154579380879
 -0.32166154579380807
 -0.91903298798230926
 -0.54760457750711955
 -0.31775917102192563
 -0.29298060420472677
 -0.31660474421489132
 -0.32302845950880249
 -0.32205116387043642
 -0.32162634375267152
 -0.32164738192369147
 -0.32166213831128249
 -0.32166184696422373
 -0.32166153778317347
 -0.32166154183364687
 -0.32166154588662127
 -0.32166154582638828
 -0.32166154579301726
 -0.32166154579364042
 -0.32166154579381256
 -0.32166154579380879
 -0.32166154579380807
 -0.91903298798230926
 -0.54810244663299468
 -0.31750361987765274
 -0.29236081270990799
 -0.31652215034611769
 -0.32312151178846799
 -0.32206297924692606
 -0.32162068611666039
 -0.32164698983109685
 -0.32166230669716672
 -0.3216618502051824
 -0.32166153525919811
 -0.3216615418643412
 -0.32166154590604157
 -0.32166154582578899
 -0.32166154579293915
 -0.32166154579364381
 -0.32166154579381256
 -0.32166154579380873
 -0.32166154579380807
 -0.91903298798230926
 -0.55141200980549532
 -0.32009476997931935
 -0.29176559041159561
 -0.31566229817644842
 -0.32306009884188902
 -0.32213759286939014
 -0.32162713136695809
 -0.32164382269626685
 -0.32166214888902961
 -0.32166192246894754
 -0.32166153608374981
 -0.32166154098511024
 -0.32166154591912671
 -0.32166154583148471
 -0.32166154579275963
 -0.3216615457936241
 -0.32166154579381356
 -0.32166154579380885
 -0.32166154579380807
 -0.91903298798230926
 -0.556085861342139
 -0.33107480596226574
 -0.29568355549686814
 -0.31482701520196199
 -0.32243233887642941
 -0.32212549778930755
 -0.3216629939393188
 -0.32164555169595349
 -0.32166102637171784
 -0.32166189013801755
 -0.32166155629584353
 -0.32166154101018124
 -0.32166154571593503
 -0.32166154583551465
 -0.32166154579388023
 -0.32166154579358569
 -0.32166154579381023
