# Created by Octave 6.3.0, Fri Sep 24 18:45:36 2021 GMT <unknown@Rogerio-HP>
# name: u
# type: matrix
# rows: 400
# columns: 1
 -0.95032214704011353
 -0.5868676575185594
 -0.33957498897236604
 -0.29956094709397624
 -0.32450525928681417
 -0.33410102899385313
 -0.33325831777184867
 -0.33258083641422342
 -0.3325879686224878
 -0.33261315059727314
 -0.33261330396395694
 -0.33261274632947668
 -0.3326127438929557
 -0.3326127515476503
 -0.3326127515291824
 -0.33261275146307356
 -0.33261275146368446
 -0.33261275146404623
 -0.33261275146404107
 -0.33261275146403968
 -0.95032214704011353
 -0.5868676575185594
 -0.33957498897236604
 -0.29956094709397624
 -0.32450525928681417
 -0.33410102899385313
 -0.33325831777184867
 -0.33258083641422342
 -0.3325879686224878
 -0.33261315059727314
 -0.332613303963957
 -0.33261274632947674
 -0.3326127438929557
 -0.3326127515476503
 -0.33261275152918246
 -0.33261275146307362
 -0.33261275146368452
 -0.33261275146404629
 -0.33261275146404112
 -0.33261275146403968
 -0.95032214704011353
 -0.5868676575185594
 -0.33957498897236604
 -0.29956094709397624
 -0.32450525928681417
 -0.33410102899385313
 -0.33325831777184867
 -0.33258083641422342
 -0.3325879686224878
 -0.33261315059727314
 -0.332613303963957
 -0.33261274632947668
 -0.3326127438929557
 -0.3326127515476503
 -0.3326127515291824
 -0.33261275146307356
 -0.33261275146368446
 -0.33261275146404623
 -0.33261275146404112
 -0.33261275146403968
 -0.95032214704011353
 -0.5868676575185594
 -0.33957498897236604
 -0.29956094709397624
 -0.32450525928681417
 -0.33410102899385313
 -0.33325831777184867
 -0.33258083641422342
 -0.3325879686224878
 -0.33261315059727314
 -0.33261330396395694
 -0.33261274632947668
 -0.3326127438929557
 -0.3326127515476503
 -0.3326127515291824
 -0.33261275146307356
 -0.33261275146368446
 -0.33261275146404623
 -0.33261275146404112
 -0.33261275146403968
 -0.95032214704011353
 -0.5868676575185594
 -0.33957498897236604
 -0.29956094709397624
 -0.32450525928681417
 -0.33410102899385313
 -0.33325831777184867
 -0.33258083641422342
 -0.3325879686224878
 -0.33261315059727314
 -0.33261330396395694
 -0.33261274632947668
 -0.3326127438929557
 -0.3326127515476503
 -0.3326127515291824
 -0.33261275146307356
 -0.33261275146368446
 -0.33261275146404623
 -0.33261275146404112
 -0.33261275146403968
 -0.95032214704011353
 -0.5868676575185594
 -0.33957498897236604
 -0.29956094709397624
 -0.32450525928681417
 -0.33410102899385313
 -0.33325831777184867
 -0.33258083641422342
 -0.3325879686224878
 -0.33261315059727314
 -0.33261330396395694
 -0.33261274632947668
 -0.3326127438929557
 -0.3326127515476503
 -0.3326127515291824
 -0.33261275146307356
 -0.33261275146368446
 -0.33261275146404623
 -0.33261275146404112
 -0.33261275146403968
 -0.95032214704011353
 -0.5868676575185594
 -0.33957498897236604
 -0.29956094709397624
 -0.32450525928681417
 -0.33410102899385313
 -0.33325831777184867
 -0.33258083641422342
 -0.3325879686224878
 -0.33261315059727314
 -0.33261330396395694
 -0.33261274632947668
 -0.3326127438929557
 -0.3326127515476503
 -0.3326127515291824
 -0.33261275146307356
 -0.33261275146368446
 -0.33261275146404623
 -0.33261275146404112
 -0.33261275146403968
 -0.95032214704011353
 -0.5868676575185594
 -0.33957498897236604
 -0.29956094709397624
 -0.32450525928681417
 -0.33410102899385313
 -0.33325831777184867
 -0.33258083641422342
 -0.3325879686224878
 -0.33261315059727314
 -0.33261330396395694
 -0.33261274632947668
 -0.3326127438929557
 -0.3326127515476503
 -0.3326127515291824
 -0.33261275146307356
 -0.33261275146368446
 -0.33261275146404623
 -0.33261275146404112
 -0.33261275146403968
 -0.95032214704011353
 -0.5868676575185594
 -0.33957498897236604
 -0.29956094709397624
 -0.32450525928681417
 -0.33410102899385313
 -0.33325831777184867
 -0.33258083641422342
 -0.3325879686224878
 -0.33261315059727314
 -0.33261330396395694
 -0.33261274632947668
 -0.3326127438929557
 -0.3326127515476503
 -0.3326127515291824
 -0.33261275146307356
 -0.33261275146368446
 -0.33261275146404623
 -0.33261275146404112
 -0.33261275146403968
 -0.95032214704011353
 -0.5868676575185594
 -0.33957498897236604
 -0.29956094709397624
 -0.32450525928681417
 -0.33410102899385313
 -0.33325831777184867
 -0.33258083641422342
 -0.3325879686224878
 -0.33261315059727314
 -0.33261330396395694
 -0.33261274632947668
 -0.3326127438929557
 -0.3326127515476503
 -0.3326127515291824
 -0.33261275146307356
 -0.33261275146368446
 -0.33261275146404623
 -0.33261275146404112
 -0.33261275146403968
 -0.95032214704011353
 -0.5868676575185594
 -0.33957498897236604
 -0.29956094709397624
 -0.32450525928681417
 -0.33410102899385313
 -0.33325831777184867
 -0.33258083641422342
 -0.3325879686224878
 -0.33261315059727314
 -0.33261330396395694
 -0.33261274632947668
 -0.3326127438929557
 -0.3326127515476503
 -0.3326127515291824
 -0.33261275146307356
 -0.33261275146368446
 -0.33261275146404623
 -0.33261275146404112
 -0.33261275146403968
 -0.95032214704011353
 -0.5868676575185594
 -0.33957498897236604
 -0.29956094709397624
 -0.32450525928681417
 -0.33410102899385313
 -0.33325831777184867
 -0.33258083641422342
 -0.3325879686224878
 -0.33261315059727314
 -0.33261330396395694
 -0.33261274632947668
 -0.3326127438929557
 -0.3326127515476503
 -0.3326127515291824
 -0.33261275146307356
 -0.33261275146368446
 -0.33261275146404623
 -0.33261275146404112
 -0.33261275146403968
 -0.95032214704011353
 -0.5868676575185594
 -0.33957498897236604
 -0.29956094709397624
 -0.32450525928681417
 -0.33410102899385313
 -0.33325831777184867
 -0.33258083641422342
 -0.3325879686224878
 -0.33261315059727314
 -0.33261330396395694
 -0.33261274632947668
 -0.3326127438929557
 -0.3326127515476503
 -0.3326127515291824
 -0.33261275146307356
 -0.33261275146368446
 -0.33261275146404623
 -0.33261275146404112
 -0.33261275146403968
 -0.95032214704011353
 -0.5868676575185594
 -0.33957498897236604
 -0.29956094709397624
 -0.32450525928681417
 -0.33410102899385313
 -0.33325831777184867
 -0.33258083641422342
 -0.3325879686224878
 -0.33261315059727314
 -0.33261330396395694
 -0.33261274632947668
 -0.3326127438929557
 -0.3326127515476503
 -0.3326127515291824
 -0.33261275146307356
 -0.33261275146368446
 -0.33261275146404623
 -0.33261275146404112
 -0.33261275146403968
 -0.95032214704011353
 -0.5868676575185594
 -0.33957498897236604
 -0.29956094709397624
 -0.32450525928681417
 -0.33410102899385313
 -0.33325831777184867
 -0.33258083641422342
 -0.3325879686224878
 -0.33261315059727314
 -0.33261330396395694
 -0.33261274632947668
 -0.3326127438929557
 -0.3326127515476503
 -0.3326127515291824
 -0.33261275146307356
 -0.33261275146368446
 -0.33261275146404623
 -0.33261275146404112
 -0.33261275146403968
 -0.95032214704011353
 -0.5868676575185594
 -0.33957498897236604
 -0.29956094709397624
 -0.32450525928681417
 -0.33410102899385313
 -0.33325831777184867
 -0.33258083641422342
 -0.3325879686224878
 -0.33261315059727314
 -0.33261330396395694
 -0.33261274632947668
 -0.3326127438929557
 -0.3326127515476503
 -0.3326127515291824
 -0.33261275146307356
 -0.33261275146368446
 -0.33261275146404623
 -0.33261275146404112
 -0.33261275146403968
 -0.95032214704011353
 -0.5868676575185594
 -0.33957498897236604
 -0.29956094709397624
 -0.32450525928681417
 -0.33410102899385313
 -0.33325831777184867
 -0.33258083641422342
 -0.3325879686224878
 -0.33261315059727314
 -0.33261330396395694
 -0.33261274632947668
 -0.3326127438929557
 -0.3326127515476503
 -0.3326127515291824
 -0.33261275146307356
 -0.33261275146368446
 -0.33261275146404623
 -0.33261275146404112
 -0.33261275146403968
 -0.95032214704011353
 -0.5868676575185594
 -0.33957498897236604
 -0.29956094709397624
 -0.32450525928681417
 -0.33410102899385313
 -0.33325831777184867
 -0.33258083641422342
 -0.3325879686224878
 -0.33261315059727314
 -0.33261330396395694
 -0.33261274632947668
 -0.3326127438929557
 -0.3326127515476503
 -0.3326127515291824
 -0.33261275146307356
 -0.33261275146368446
 -0.33261275146404623
 -0.33261275146404112
 -0.33261275146403968
 -0.95032214704011353
 -0.5868676575185594
