# Created by Octave 6.3.0, Mon Sep 27 17:56:30 2021 GMT <unknown@LAPTOP-7NASCU26>
# name: u
# type: matrix
# rows: 400
# columns: 1
 -2.9358492219573766
 -1.0275472276850792
 -1.0275472276850792
 -1.0275472276850792
 -1.0275472276850792
 -1.0275472276850792
 -1.0275472276850792
 -1.0275472276850792
 -1.0275472276850792
 -1.0275472276850792
 -1.0275472276850792
 -1.0275472276850792
 -1.0275472276850792
 -1.0275472276850792
 -1.0275472276850792
 -1.0275472276850792
 -1.0275472276850792
 -1.0275472276850792
 -1.0275472276850792
 -1.0275472276850792
 -2.9358492219573766
 -1.8460276406989411
 -1.3577438213402375
 -1.149484218455586
 -1.0459688548651314
 -0.9987172862528142
 -1.0002274525910342
 -1.0155158822433945
 -1.0208836255734248
 -1.0236748307829573
 -1.0281001041694617
 -1.0288801018351117
 -1.0275027940679176
 -1.0276519084678641
 -1.0279889687943382
 -1.0275878718964064
 -1.0274862398799576
 -1.0275245384008107
 -1.0273996619487615
 -1.0275472276850792
 -2.9358492219573766
 -2.0907908427106414
 -1.5151005068656949
 -1.2166903008128198
 -1.0454528011751241
 -0.96625661625838988
 -0.97510024745772939
 -1.0053048255973436
 -1.0148435391029342
 -1.0202900161548851
 -1.0290198618810977
 -1.0302849057116539
 -1.0274511082676956
 -1.0277249038601959
 -1.028293001054315
 -1.027477310879005
 -1.0274154199707124
 -1.0276464172607209
 -1.0274060338983553
 -1.0275472276850792
 -2.9358492219573766
 -2.1627308997199624
 -1.573402827260121
 -1.2357210121412538
 -1.0249867502967152
 -0.93288715948911938
 -0.95558871232214104
 -0.99824296032287752
 -1.009658643540833
 -1.0176348469782626
 -1.0303511520056252
 -1.0315832330138481
 -1.0273739823339694
 -1.0279502364387574
 -1.0286126617058511
 -1.0272217981042862
 -1.0272417927900372
 -1.0278287318751105
 -1.0275402108648091
 -1.0275472276850792
 -2.9358492219573766
 -2.1799624710175736
 -1.5835279538399931
 -1.2242606248470982
 -0.99545918415298895
 -0.90655259198861526
 -0.94472532027105882
 -0.99430652696822264
 -1.0052771524035065
 -1.0160562804311823
 -1.0320567156974478
 -1.0324220732887579
 -1.0270663805861859
 -1.0283646415392051
 -1.0291238836508025
 -1.026998038298462
 -1.0269785265119638
 -1.0279100620038246
 -1.0276421330255816
 -1.0275472276850792
 -2.9358492219573766
 -2.1782610411116203
 -1.5736521447290499
 -1.203647274012887
 -0.97221267106265763
 -0.89314913665788964
 -0.94125021844955903
 -0.99145398225171333
 -1.0016380342929172
 -1.0161339326349474
 -1.0342586118104626
 -1.0327315338552205
 -1.0264112662697453
 -1.0286884673369263
 -1.0296256643459494
 -1.0269232489821505
 -1.0268384614775226
 -1.0278973788776371
 -1.0275881702911343
 -1.0275472276850792
 -2.9358492219573766
 -2.1729511123035259
 -1.5628439461321522
 -1.1899755359168689
 -0.96188106860288503
 -0.88949711618512695
 -0.93962805371285818
 -0.9876542240408972
 -0.9991587336572102
 -1.0178940126092202
 -1.0365954429063649
 -1.032755411320925
 -1.02587388504475
 -1.0288545457858973
 -1.0297203783580107
 -1.0268552199552499
 -1.0269832342670642
 -1.0279239268541169
 -1.027374269047389
 -1.0275472276850792
 -2.9358492219573766
 -2.169877431047091
 -1.5576968072540553
 -1.1849474721128637
 -0.95906571094990434
 -0.88801872412524807
 -0.93674213235672799
 -0.9842916154398339
 -0.99895727015434055
 -1.0202232853747177
 -1.0377061051450116
 -1.0324329080184933
 -1.0261105406469704
 -1.0292548004063824
 -1.0293366536932327
 -1.0265686570484125
 -1.0273215483709874
 -1.028057422295745
 -1.0270850048222728
 -1.0275472276850792
 -2.9358492219573766
 -2.1685840878173939
 -1.5556218779749491
 -1.182832639161975
 -0.95718000940480719
 -0.8858564863701317
 -0.93463256583230914
 -0.98426770329775315
 -1.0013339890966941
 -1.0217674267748817
 -1.0366972647600161
 -1.0315183603805134
 -1.0270529486683473
 -1.0300898866321291
 -1.028807294320834
 -1.0260888141031821
 -1.0276415877275489
 -1.0282424593764663
 -1.0268284391829947
 -1.0275472276850792
 -2.9358492219573766
 -2.1678745557339125
 -1.5543502462810483
 -1.1812085000052392
 -0.95540465858245349
 -0.88436918586492619
 -0.93452777028716538
 -0.98633949402172871
 -1.0040328037408099
 -1.0222650641902065
 -1.0350055894593131
 -1.0305488846369446
 -1.0278857919333453
 -1.0308516582433029
 -1.0284772320726485
 -1.0257116137534963
 -1.0278148506874432
 -1.0283729132060251
 -1.0266835077651704
 -1.0275472276850792
 -2.9358492219573766
 -2.1678745558038313
 -1.55435024614312
 -1.1812085002074157
 -0.95540465832154231
 -0.88436918617745253
 -0.93452776993154685
 -0.98633949441073887
 -1.0040328033290207
 -1.0222650646135452
 -1.0350055890359759
 -1.0305488850487348
 -1.0278857915443358
 -1.0308516585989238
 -1.0284772317601216
 -1.0257116140144078
 -1.0278148504852664
 -1.0283729133439528
 -1.0266835076952523
 -1.0275472276850792
 -2.9358492219573766
 -2.1685840877493829
 -1.5556218781091158
 -1.1828326389653128
 -0.95718000965860073
 -0.88585648606612988
 -0.93463256617822799
 -0.98426770291935461
 -1.0013339894972528
 -1.021767426363094
 -1.0366972651718063
 -1.0315183599799567
 -1.0270529490467475
 -1.0300898862862105
 -1.0288072946248377
 -1.0260888138493873
 -1.0276415879242102
 -1.0282424592422981
 -1.0268284392510043
 -1.0275472276850792
 -2.9358492219573766
 -2.1698774311113427
 -1.5576968071273134
 -1.1849474722986475
 -0.9590657107101519
 -0.88801872441243423
 -0.93674213202994616
 -0.98429161579730018
 -0.99895726977594168
 -1.0202232857637272
 -1.0377061047560023
 -1.0324329083968919
 -1.0261105402895052
 -1.0292548007331661
 -1.0293366534060477
 -1.0265686572881656
 -1.0273215481852049
 -1.0280574224224888
 -1.0270850047580242
 -1.0275472276850792
 -2.9358492219573766
 -2.1729511122447929
 -1.5628439462480177
 -1.1899755357470347
 -0.96188106882205981
 -0.88949711592259473
 -0.93962805401159077
 -0.98765422371411415
 -0.9991587340031286
 -1.0178940122536015
 -1.0365954432619828
 -1.0327554109750063
 -1.0258738853715321
 -1.0288545454871649
 -1.0297203786205436
 -1.0268552197360747
 -1.0269832344369005
 -1.0279239267382521
 -1.027374269106123
 -1.0275472276850792
 -2.9358492219573766
 -2.1782610411632373
 -1.5736521446272238
 -1.2036472741621418
 -0.97221267087004115
 -0.89314913688861186
 -0.94125021818702514
 -0.99145398253889683
 -1.0016380339889157
 -1.0161339329474741
 -1.034258611497936
 -1.032731534159222
 -1.0264112659825604
 -1.0286884675994603
 -1.0296256641152268
 -1.0269232491747649
 -1.0268384613282646
 -1.0278973789794632
 -1.0275881702395184
 -1.0275472276850792
 -2.9358492219573766
 -2.1799624709744836
 -1.5835279539250011
 -1.224260624722491
 -0.99545918431379155
 -0.90655259179599867
 -0.94472532049023206
 -0.99430652672846831
 -1.005277152657299
 -1.0160562801702722
 -1.0320567159583569
 -1.0324220730349651
 -1.027066380825941
 -1.0283646413200311
 -1.0291238838434187
 -1.026998038137658
 -1.0269785266365685
 -1.0279100619188168
 -1.0276421330686742
 -1.0275472276850792
 -2.9358492219573766
 -2.1627308997533574
 -1.5734028271942495
 -1.2357210122378093
 -1.0249867501721093
 -0.93288715963837465
 -0.95558871215230456
 -0.99824296050865924
 -1.0096586433441712
 -1.0176348471804386
 -1.0303511518034472
 -1.0315832332105106
 -1.0273739821481875
 -1.0279502366085946
 -1.0286126615565958
 -1.0272217982288905
 -1.0272417926934803
 -1.027828731940982
 -1.0275402108314178
 -1.0275472276850792
 -2.9358492219573766
 -2.0907908426878632
 -1.5151005069106354
 -1.2166903007469476
 -1.0454528012601321
 -0.96625661615656422
 -0.97510024757359326
 -1.005304825470599
 -1.0148435392371009
 -1.0202900160169563
 -1.0290198620190252
 -1.0302849055774856
 -1.0274511083944395
 -1.0277249037443321
 -1.0282930011561406
 -1.0274773107939963
 -1.0274154200365828
 -1.0276464172157813
 -1.0274060339211362
 -1.0275472276850792
 -2.9358492219573766
 -1.8460276407104874
 -1.3577438213174569
 -1.1494842184889773
 -1.0459688548220405
 -0.99871728630443057
 -1.0002274525323018
 -1.0155158823076438
 -1.0208836255054163
 -1.0236748308528751
 -1.0281001040995421
 -1.0288801019031211
 -1.0275027940036694
