# Created by Octave 6.3.0, Mon Sep 27 11:23:03 2021 GMT <unknown@Rogerio-HP>
# name: u
# type: matrix
# rows: 400
# columns: 1
 -0.91903298796244481
 -0.32166154578685557
 -0.32166154578685557
 -0.32166154578685557
 -0.32166154578685557
 -0.32166154578685557
 -0.32166154578685557
 -0.32166154578685557
 -0.32166154578685557
 -0.32166154578685557
 -0.32166154578685557
 -0.32166154578685557
 -0.32166154578685557
 -0.32166154578685557
 -0.32166154578685557
 -0.32166154578685557
 -0.32166154578685557
 -0.32166154578685557
 -0.32166154578685557
 -0.32166154578685557
 -0.91903298796244481
 -0.52710010920544104
 -0.34319797769868371
 -0.30799040645776854
 -0.31683843346787083
 -0.32176853378947501
 -0.32190985806843914
 -0.32167478101338676
 -0.32165451249655186
 -0.32166098570301122
 -0.32166167440671412
 -0.32166155710559219
 -0.32166154413161768
 -0.32166154565357818
 -0.32166154580229261
 -0.32166154578776213
 -0.32166154578675704
 -0.3216615457868523
 -0.32166154578685602
 -0.32166154578685557
 -0.91903298796244481
 -0.55608586132576199
 -0.33107480595363525
 -0.2956835554931812
 -0.31482701519696871
 -0.32243233886949618
 -0.32212549778214811
 -0.32166299393234193
 -0.32164555168901099
 -0.32166102636476679
 -0.32166189013106466
 -0.32166155628889098
 -0.32166154100322875
 -0.32166154570898248
 -0.32166154582856199
 -0.32166154578692768
 -0.32166154578663309
 -0.32166154578685768
 -0.3216615457868563
 -0.32166154578685557
 -0.91903298796244481
 -0.55141200978921523
 -0.320094769971971
 -0.29176559040918687
 -0.31566229817163582
 -0.32306009883473441
 -0.32213759286215654
 -0.32162713135999416
 -0.32164382268933145
 -0.32166214888207817
 -0.32166192246199454
 -0.32166153607679715
 -0.32166154097815758
 -0.32166154591217433
 -0.32166154582453188
 -0.32166154578580719
 -0.3216615457866715
 -0.32166154578686096
 -0.32166154578685624
 -0.32166154578685557
 -0.91903298796244481
 -0.54810244661714302
 -0.31750361987106596
 -0.29236081270777065
 -0.31652215034105996
 -0.32312151178115489
 -0.32206297923971017
 -0.32162068610971661
 -0.32164698982416023
 -0.32166230669021417
 -0.32166185019822946
 -0.32166153525224556
 -0.3216615418573886
 -0.32166154589908896
 -0.32166154581883627
 -0.32166154578598666
 -0.32166154578669126
 -0.32166154578686013
 -0.32166154578685624
 -0.32166154578685557
 -0.91903298796244481
 -0.54760457749141234
 -0.31775917101544326
 -0.29298060420243527
 -0.31660474420966772
 -0.32302845950150333
 -0.32205116386325339
 -0.3216263437457263
 -0.3216473819167523
 -0.3216621383043301
 -0.32166184695727074
 -0.3216615377762207
 -0.32166154182669399
 -0.32166154587966878
 -0.32166154581943546
 -0.32166154578606476
 -0.32166154578668793
 -0.32166154578686001
 -0.32166154578685624
 -0.32166154578685557
 -0.91903298796244481
 -0.54766352545391617
 -0.31797867701473742
 -0.29303404867661398
 -0.3165328728585855
 -0.32301540027098974
 -0.32205794412721461
 -0.32162696397882451
 -0.32164710809585301
 -0.3216621309826217
 -0.32166185213277865
 -0.32166153772222722
 -0.3216615417786759
 -0.32166154588117063
 -0.32166154581966172
 -0.3216615457860546
 -0.32166154578668732
 -0.32166154578686001
 -0.32166154578685624
 -0.32166154578685557
 -0.91903298796244481
 -0.54768980103722631
 -0.31799463852811871
 -0.29300078423206027
 -0.31652379974714973
 -0.32302093670206555
 -0.3220586123257923
 -0.32162664346501801
 -0.32164709686169601
 -0.3216621388548887
 -0.3216618520602143
 -0.32166153763248223
 -0.3216615417815904
 -0.32166154588167195
 -0.32166154581963835
 -0.32166154578605322
 -0.32166154578668749
 -0.32166154578686001
 -0.32166154578685624
 -0.32166154578685557
 -0.91903298796244481
 -0.54769105283980968
 -0.31798652765351521
 -0.29299693801387922
 -0.31652682861207393
 -0.32302143571288555
 -0.3220583398289425
 -0.32162663109021222
 -0.32164710591160101
 -0.32166213878004418
 -0.32166185193042651
 -0.32166153763694205
 -0.32166154178246409
 -0.32166154588162871
 -0.32166154581963546
 -0.32166154578605338
 -0.32166154578668743
 -0.32166154578686001
 -0.32166154578685624
 -0.32166154578685557
 -0.91903298796244481
 -0.54769036498971801
 -0.31798562919138046
 -0.29299800731774905
 -0.31652708578328775
 -0.32302126623224259
 -0.32205832988304467
 -0.32162663909461198
 -0.32164710584852424
 -0.32166213863174964
 -0.32166185193594382
 -0.32166153763816363
 -0.32166154178239897
 -0.32166154588162399
 -0.3216615458196358
 -0.32166154578605338
 -0.32166154578668743
 -0.32166154578686001
 -0.32166154578685624
 -0.32166154578685557
 -0.91903298796244481
 -0.54769036498971801
 -0.31798562919138046
 -0.29299800731774911
 -0.31652708578328775
 -0.32302126623224259
 -0.32205832988304467
 -0.32162663909461198
 -0.32164710584852424
 -0.32166213863174964
 -0.32166185193594382
 -0.32166153763816363
 -0.32166154178239897
 -0.32166154588162399
 -0.3216615458196358
 -0.32166154578605338
 -0.32166154578668743
 -0.32166154578686001
 -0.32166154578685624
 -0.32166154578685557
 -0.91903298796244481
 -0.54769105283980968
 -0.31798652765351515
 -0.29299693801387922
 -0.31652682861207393
 -0.32302143571288555
 -0.3220583398289425
 -0.32162663109021222
 -0.32164710591160101
 -0.32166213878004418
 -0.32166185193042651
 -0.32166153763694205
 -0.32166154178246409
 -0.32166154588162871
 -0.32166154581963546
 -0.32166154578605338
 -0.32166154578668743
 -0.32166154578686001
 -0.32166154578685624
 -0.32166154578685557
 -0.91903298796244481
 -0.54768980103722631
 -0.31799463852811866
 -0.29300078423206022
 -0.31652379974714973
 -0.32302093670206555
 -0.3220586123257923
 -0.32162664346501801
 -0.32164709686169596
 -0.3216621388548887
 -0.3216618520602143
 -0.32166153763248223
 -0.3216615417815904
 -0.32166154588167195
 -0.32166154581963835
 -0.32166154578605322
 -0.32166154578668749
 -0.32166154578686001
 -0.32166154578685624
 -0.32166154578685557
 -0.91903298796244481
 -0.54766352545391617
 -0.31797867701473742
 -0.29303404867661398
 -0.3165328728585855
 -0.32301540027098974
 -0.32205794412721461
 -0.32162696397882451
 -0.32164710809585301
 -0.3216621309826217
 -0.32166185213277865
 -0.32166153772222722
 -0.3216615417786759
 -0.32166154588117063
 -0.32166154581966172
 -0.3216615457860546
 -0.32166154578668732
 -0.32166154578686001
 -0.32166154578685624
 -0.32166154578685557
 -0.91903298796244481
 -0.54760457749141234
 -0.31775917101544326
 -0.29298060420243527
 -0.31660474420966772
 -0.32302845950150333
 -0.32205116386325339
 -0.3216263437457263
 -0.3216473819167523
 -0.3216621383043301
 -0.32166184695727074
 -0.3216615377762207
 -0.32166154182669399
 -0.32166154587966878
 -0.32166154581943546
 -0.32166154578606476
 -0.32166154578668793
 -0.32166154578686001
 -0.32166154578685624
 -0.32166154578685557
 -0.91903298796244481
 -0.54810244661714302
 -0.31750361987106596
 -0.29236081270777065
 -0.31652215034105996
 -0.32312151178115489
 -0.32206297923971017
 -0.32162068610971661
 -0.32164698982416023
 -0.32166230669021417
 -0.32166185019822946
 -0.32166153525224556
 -0.3216615418573886
 -0.32166154589908896
 -0.32166154581883627
 -0.32166154578598666
 -0.32166154578669126
 -0.32166154578686013
 -0.32166154578685624
 -0.32166154578685557
 -0.91903298796244481
 -0.55141200978921523
 -0.320094769971971
 -0.29176559040918687
 -0.31566229817163582
 -0.32306009883473441
 -0.32213759286215654
 -0.32162713135999416
 -0.32164382268933145
 -0.32166214888207811
 -0.32166192246199454
 -0.32166153607679715
 -0.32166154097815758
 -0.32166154591217433
 -0.32166154582453188
 -0.32166154578580719
 -0.3216615457866715
 -0.32166154578686096
 -0.32166154578685624
 -0.32166154578685557
 -0.91903298796244481
 -0.55608586132576199
 -0.33107480595363525
 -0.29568355549318115
 -0.31482701519696865
 -0.32243233886949618
 -0.32212549778214811
 -0.32166299393234193
 -0.32164555168901099
 -0.32166102636476679
 -0.32166189013106466
 -0.32166155628889098
 -0.32166154100322875
 -0.32166154570898248
 -0.32166154582856199
 -0.32166154578692768
 -0.32166154578663309
 -0.32166154578685768
 -0.3216615457868563
